PPAA 56138 /////
44385 30511 26034 30524 44340 30045 31069 31068 44320 30066
28567 29080
77999

PPBB 56138 /////
21212 00980 14002 11854 31010 22757 27022 33696 26035 44695
26034 55655 26521 66509 30521 77477 31033 88326 30573 99253
31070 11195 30062 22163 29080 33142 28067 44132 29059 55113
29568 66105 29081

PPCC 56138 /////
44370 29080 29110 28116 44220 27641 28147
77156 27150 41616

PPDD 56138 /////
21212 11906 29071 22826 29089 33682 29079 44596 28604 55496
29109 66403 27619 77395 27620 88340 28608 99327 28101 11274
27631 22248 27624 33156 27150 44149 27145 55082 28633
