TTCC 56131 /////
70785 59976 29080 50994 61577 29110 30312 62380 28116 20560
63379 27641 10984 59981 28147
88869 62373 28577 88473 63578 29107
77156 27150 41616
31313 40708 81238

TTDD 5613/ /////
11867 62374 22732 57976 33630 63975 44607 62973 55585 57976
66470 63778 77452 62775 88444 57576 99435 56776 11248 66179
22203 63179 33172 66379 44144 63577 55112 67179 66108 60981
77103 59781 88082 60781
21212 11906 29071 22826 29089 33682 29079 44596 28604 55496
29109 66403 27619 77395 27620 88340 28608 99327 28101 11274
27631 22248 27624 33156 27150 44149 27145 55082 28633
31313 40708 81238
