TTAA 81112 /////
99998 01556 00680 00189 ///// ///// 92813 02341 35008 85481
03361 32011 70006 07988 26515 50552 28169 27017 40709 37966
29015 30900 53764 28522 25015 63941 26528
88999
77999
31313 40708 81050

TTBB 81118 /////
00998 01556 11998 02347 22996 00027 33975 00850 44874 04938
55873 04938 66859 03359 77820 02971 88806 02973 99710 07188
11708 07388 22500 28169 33387 39371 44312 51569 55282 57362
66272 59538 77238 66150
21212 11998 00680 22998 33505 33916 35510 44863 31010 55840
32014 66808 28513 77741 28515 88693 25513 99612 27016 11563
26020 22480 28016 33435 27519 44354 31517 55314 28524 66238
27525
31313 40708 81050
41414 /////
51515 77211 04178 27514 60183 16773 27019
