TTAA 57111 /////
99993 07087 32014 00145 ///// ///// 92781 03074 31058 85459
01767 31058 70973 12158 31058 50546 29945 31064 40702 38757
31585 30893 54550 31592 25007 62950 31092 20144 66758 32580
15318 66159 30590 10566 64158 29601
88194 66958 32081
77999
31313 40708 81030

TTBB 57118 /////
00993 07087 11556 24326 22512 28938 33410 37556 44396 39357
55294 55947 66255 62344 77250 62949 88233 62559 99226 62359
11191 67159 22158 64959 33138 66759 44108 62758 55100 64558
21212 11993 32014 22992 31058 33453 31564 44410 31585 55266
31600 66244 31092 77218 32080 88204 33080 99180 31083 11173
31079 22131 30106 33116 29603
31313 40708 81030
41414 /////
51515 77187 06762 31058 60134 20136 31058

TTCC 57115 /////
70786 60158 30106 50993 65756 30613
88518 64556 30607
66438 30121 418//
31313 40708 81030

TTDD 5711/ /////
11678 59758 22476 67557 33447 67557 44438 64756
21212 11965 30099 22840 29614 33600 31101 44587 31103 55438
30121
31313 40708 81030
