TTCC 70111 /////
70813 67566 28074 50012 70565 26597 30310 73766 26618 20547
74766 27144 10949 72369 28160
88589 74963 27585 88325 75965 27121
77112 27163 42732
31313 40708 81106

TTDD 7011/ /////
11868 66965 22808 62967 33589 74963 44561 74764 55548 68965
66532 68766 77421 76964 88407 76764 99400 72365 11385 70765
22325 75965 33311 73366 44253 75766 55233 71567 66134 78166
77096 71369 88095 69970 99095 65572 11094 62176 22088 60977
33070 67572 44063 65976
21212 11980 29074 22668 28072 33492 26598 44372 27609 55316
26626 66294 27117 77204 27145 88187 27133 99154 27160 11138
26643 22134 26646 33112 27163 44097 28158 55095 28138 66088
28119 77081 28611 88081 28612 99063 27656
31313 40708 81106
