TTAA 70111 /////
99988 04859 18003 00101 ///// ///// 92742 07268 29509 85433
03872 30517 70985 04584 28059 50559 16591 29559 40723 29570
31045 30920 47367 31052 25038 57960 30055 20175 70358 30059
15344 65359 28578 10596 62567 28571
88177 76158 29567
77129 27590 42413
31313 40708 81106

TTBB 70118 /////
00988 04859 11984 07861 22980 08665 33961 09269 44959 09269
55747 01978 66735 01383 77700 04584 88674 04387 99670 03791
11660 02568 22657 02391 33657 02389 44654 02764 55647 03559
66627 05358 77556 12159 88554 12359 99543 12768 11524 14961
22513 15195 33499 16592 44264 55162 55230 62358 66177 76158
77171 72958 88164 73958 99155 66959 11144 62759 22118 58768
33108 61169 44102 62566
21212 11988 18003 22978 33010 33962 33511 44941 33010 55915
28011 66875 31513 77853 30516 88802 29035 99697 28060 11660
28067 22434 30049 33393 31542 44346 32550 55203 30058 66129
27590 77120 27084 88103 28070
31313 40708 81106
41414 /////
51515 77177 00079 29038 60198 07161 28059

TTCC 70111 /////
70813 67566 28074 50012 70565 26597 30310 73766 26618 20547
74766 27144 10949 72369 28160
88589 74963 27585 88325 75965 27121
77112 27163 42732
31313 40708 81106

TTDD 7011/ /////
11868 66965 22808 62967 33589 74963 44561 74764 55548 68965
66532 68766 77421 76964 88407 76764 99400 72365 11385 70765
22325 75965 33311 73366 44253 75766 55233 71567 66134 78166
77096 71369 88095 69970 99095 65572 11094 62176 22088 60977
33070 67572 44063 65976
21212 11980 29074 22668 28072 33492 26598 44372 27609 55316
26626 66294 27117 77204 27145 88187 27133 99154 27160 11138
26643 22134 26646 33112 27163 44097 28158 55095 28138 66088
28119 77081 28611 88081 28612 99063 27656
31313 40708 81106
