PPAA 70118 /////
44385 30517 28059 29559 44340 31045 31052 30055 44320 30059
28578 28571
77129 27590 42413

PPBB 70118 /////
21212 00988 18003 11978 33010 22962 33511 33941 33010 44915
28011 55875 31513 66853 30516 77802 29035 88697 28060 99660
28067 11434 30049 22393 31542 33346 32550 44203 30058 55129
27590 66120 27084 77103 28070

PPCC 70118 /////
44370 28074 26597 26618 44220 27144 28160
77112 27163 42732

PPDD 70118 /////
21212 11980 29074 22668 28072 33492 26598 44372 27609 55316
26626 66294 27117 77204 27145 88187 27133 99154 27160 11138
26643 22134 26646 33112 27163 44097 28158 55095 28138 66088
28119 77081 28611 88081 28612 99063 27656
