TTAA 70111 /////
99988 04859 18003 00101 ///// ///// 92742 07268 29509 85433
03872 30517 70985 04584 28059 50559 16591 29559 40723 29570
31045 30920 47367 31052 25038 57960 30055 20175 70358 30059
15344 65359 28578 10596 62567 28571
88177 76158 29567
77129 27590 42413
31313 40708 81106

TTBB 70118 /////
00988 04859 11984 07861 22980 08665 33961 09269 44959 09269
55747 01978 66735 01383 77700 04584 88674 04387 99670 03791
11660 02568 22657 02391 33657 02389 44654 02764 55647 03559
66627 05358 77556 12159 88554 12359 99543 12768 11524 14961
22513 15195 33499 16592 44264 55162 55230 62358 66177 76158
77171 72958 88164 73958 99155 66959 11144 62759 22118 58768
33108 61169 44102 62566
21212 11988 18003 22978 33010 33962 33511 44941 33010 55915
28011 66875 31513 77853 30516 88802 29035 99697 28060 11660
28067 22434 30049 33393 31542 44346 32550 55203 30058 66129
27590 77120 27084 88103 28070
31313 40708 81106
41414 /////
51515 77177 00079 29038 60198 07161 28059
