TTAA 65111 /////
99977 02459 25008 00015 ///// ///// 92660 00260 25037 85329
05757 26040 70832 09784 20556 50532 28762 21067 40688 40160
21077 30880 50566 21093 25996 55970 20588 20134 53778 21574
15318 52783 24557 10577 54300 26548
88255 55970 20590
77999
31313 40708 81059

TTBB 65118 /////
00977 02459 11932 00860 22812 08756 33812 08756 44757 10164
55746 08170 66715 08788 77695 09783 88598 19574 99497 29162
11456 33956 22415 37960 33371 43958 44360 44357 55335 45764
66313 48767 77283 53366 88255 55970 99238 56168 11232 54169
22219 53572 33195 53782 44184 51184 55171 51184 66154 53583
77150 52783 88147 52125 99142 50900 11141 50700 22131 51700
33120 47500 44100 54500
21212 11977 25008 22977 27513 33925 25037 44917 25039 55806
25541 66788 24535 77698 20556 88686 20559 99388 20577 11339
20595 22267 20593 33214 21586 44199 21574 55174 24559 66171
24559 77126 25060 88112 25542 99110 25542
31313 40708 81059
41414 /////
51515 77040 09760 24043 60997 19374 20558
