PPAA 65118 /////
44385 26040 20556 21067 44340 21077 21093 20588 44320 21574
24557 26548
77999

PPBB 65118 /////
21212 00977 25008 11977 27513 22925 25037 33917 25039 44806
25541 55788 24535 66698 20556 77686 20559 88388 20577 99339
20595 11267 20593 22214 21586 33199 21574 44174 24559 55171
24559 66126 25060 77112 25542 88110 25542

PPCC 65118 /////
44370 27073 26084 27094 44220 26618 26651
77096 26652 42126

PPDD 65118 /////
21212 11885 27558 22653 26574 33642 27086 44479 25592 55371
28092 66318 26596 77274 27091 88162 26138 99160 26133 11144
27122 22113 27134 33107 26651 44096 26652 55092 26635 66085
27130 77071 26646
