TTAA 69101 /////
99998 06460 27003 00183 ///// ///// 92820 02659 29018 85496
02559 27534 70020 05580 25064 50560 19965 23059 40722 32363
23551 30917 49358 23046 25034 58959 23054 20170 70758 22060
15337 73558 25065 10583 61166 25583
88166 76357 23556
77999
31313 40708 81020

TTBB 69108 /////
00998 06460 11990 07863 22880 01736 33878 01937 44865 01958
55847 02559 66795 06357 77794 06357 88728 04975 99698 05181
11666 07979 22612 07394 33602 07785 44455 25761 55315 46756
66303 48957 77183 75158 88178 74158 99166 76357 11153 76358
22144 67960 33121 68760 44118 66961 55117 63162 66114 61363
77103 62566 88100 61166
21212 11998 27003 22996 31516 33994 31516 44990 31517 55897
27017 66893 27016 77804 27540 88712 25564 99595 22561 11371
24051 22306 22544 33189 21559 44151 25065 55137 23566 66130
24065 77104 25588
31313 40708 81020
41414 /////
51515 77222 05762 26552 60220 07985 23062
