TTCC 69101 /////
70805 61970 27074 50008 68766 27085 30308 73965 27128 20549
67369 26673 10976 64178 28648
88853 64566 26077 88385 74764 27617
77197 26675 42538
31313 40708 81020

TTDD 6910/ /////
11849 64566 22819 63766 33815 62766 44819 59167 55789 57769
66746 59771 77557 69966 88504 68566 99374 74765 11290 74565
22265 68967 33225 73166 44224 72966 55227 67768 66223 65968
77190 68769 88168 60971 99152 59773 11117 64774 22113 61576
33088 67177 44087 64976
21212 11742 27075 22675 27073 33561 27093 44510 27082 55385
27617 66325 27116 77218 26158 88197 26675 99168 27146 11125
29141 22087 28652
31313 40708 81020
