PPAA 69108 /////
44385 27534 25064 23059 44340 23551 23046 23054 44320 22060
25065 25583
77999

PPBB 69108 /////
21212 00998 27003 11996 31516 22994 31516 33990 31517 44897
27017 55893 27016 66804 27540 77712 25564 88595 22561 99371
24051 11306 22544 22189 21559 33151 25065 44137 23566 55130
24065 66104 25588

PPCC 69108 /////
44370 27074 27085 27128 44220 26673 28648
77197 26675 42538

PPDD 69108 /////
21212 11742 27075 22675 27073 33561 27093 44510 27082 55385
27617 66325 27116 77218 26158 88197 26675 99168 27146 11125
29141 22087 28652
