TTAA 69101 /////
99998 06460 27003 00183 ///// ///// 92820 02659 29018 85496
02559 27534 70020 05580 25064 50560 19965 23059 40722 32363
23551 30917 49358 23046 25034 58959 23054 20170 70758 22060
15337 73558 25065 10583 61166 25583
88166 76357 23556
77999
31313 40708 81020

TTBB 69108 /////
00998 06460 11990 07863 22880 01736 33878 01937 44865 01958
55847 02559 66795 06357 77794 06357 88728 04975 99698 05181
11666 07979 22612 07394 33602 07785 44455 25761 55315 46756
66303 48957 77183 75158 88178 74158 99166 76357 11153 76358
22144 67960 33121 68760 44118 66961 55117 63162 66114 61363
77103 62566 88100 61166
21212 11998 27003 22996 31516 33994 31516 44990 31517 55897
27017 66893 27016 77804 27540 88712 25564 99595 22561 11371
24051 22306 22544 33189 21559 44151 25065 55137 23566 66130
24065 77104 25588
31313 40708 81020
41414 /////
51515 77222 05762 26552 60220 07985 23062

TTCC 69101 /////
70805 61970 27074 50008 68766 27085 30308 73965 27128 20549
67369 26673 10976 64178 28648
88853 64566 26077 88385 74764 27617
77197 26675 42538
31313 40708 81020

TTDD 6910/ /////
11849 64566 22819 63766 33815 62766 44819 59167 55789 57769
66746 59771 77557 69966 88504 68566 99374 74765 11290 74565
22265 68967 33225 73166 44224 72966 55227 67768 66223 65968
77190 68769 88168 60971 99152 59773 11117 64774 22113 61576
33088 67177 44087 64976
21212 11742 27075 22675 27073 33561 27093 44510 27082 55385
27617 66325 27116 77218 26158 88197 26675 99168 27146 11125
29141 22087 28652
31313 40708 81020
