TTAA 78171 /////
99976 04662 18010 00006 ///// ///// 92634 01959 27028 85298
07958 26025 70774 18175 24546 50520 35166 25034 40672 47164
27044 30859 49174 29078 25977 53574 28071 20119 57574 28582
15303 56976 28589
88348 54765 27554 88208 59772 28583
77147 28589 410//
31313 40708 81702

TTBB 78178 /////
00976 04662 11974 02864 22968 01662 33790 13350 44768 14950
55742 15372 66617 25387 77589 27566 88490 35769 99365 52761
11354 54563 22326 52971 33324 50371 44321 49773 55320 49974
66283 49174 77257 53175 88237 53575 99208 59772 11197 56974
22194 55374 33191 51976 44185 50978 55166 55577 66161 54977
77141 59376 88141 58174
21212 11976 18010 22974 27529 33971 27529 44824 26526 55747
25053 66630 23540 77558 25033 88519 24035 99461 25030 11397
27544 22328 27565 33302 29076 44297 29079 55239 28068 66208
28584 77192 28083 88185 29576 99147 28589 11141 28078
31313 40708 81702
41414 /////
51515 77007 14356 25038 60905 26779 23540
