TTAA 54191 /////
99989 136// 27060 00111 ///// ///// 92763 110// 25566 85462
076// 25566 70037 002// 25566 50567 12396 25566 40735 20192
25566 30944 29987 25566 25072 36184 25566 20224 43381 25566
15414 52378 25566 10669 64373 25566
88999
77999
31313 40708 81858

TTBB 54198 /////
00989 136// 11325 27388 22100 64373
21212 11989 27060 22989 25566
31313 40708 81858
41414 /////
51515 77217 040// 25566 60258 05598 25566

TTCC 54191 /////
70882 71968 26078 50081 73167 25596 30384 73564 26106 20623
60975 26609 10056 54776 27634
88829 70569 25579 88392 71566 26094
77087 29651 442// 77219 26622 42423
31313 40708 81858

TTDD 5419/ /////
11868 69770 22691 72568 33603 69967 44494 73369 55459 68769
66367 71967 77351 68969 88270 75368 99260 70168 11210 70975
22204 63380 33195 58775 44169 65572 55157 61775 66156 58375
77124 61972 88114 55576 99098 54376 11094 47979 22080 43781
33080 39581 44077 41581
21212 11957 25566 22530 25599 33471 25092 44355 26598 55327
26095 66282 26610 77251 26599 88219 26622 99201 26110 11166
28100 22157 28113 33151 29105 44144 29105 55115 28640 66102
28132 77097 27643 88090 29647 99087 29651 11077 28642
31313 40708 81858
