Dose,    0,  0,  0,  0,  0, 10,    0.0000000,     0.0000000,      0.00, 0, 0, 0, 0
Dose,    0,  0,  0,  0,  0, 20,    0.0000000,     0.0000000,      0.00, 0, 0, 0, 0
Dose,    0,  0,  0,  0,  0, 30,    0.0000000,     0.0000000,      0.00, 0, 0, 0, 0
Dose,    0,  0,  0,  0,  0, 40,    0.0000000,     0.0000000,      0.00, 0, 0, 0, 0
Dose,    0,  0,  0,  0,  0, 50,    0.0000000,     0.0000000,      0.00, 0, 0, 0, 0
Dose,    0,  0,  0,  0,  1,  0,    0.0000000,     0.0000000,      0.00, 0, 0, 0, 0
Dose,    0,  0,  0,  0,  1, 10,    0.0000000,     0.0000000,      0.00, 0, 0, 0, 0
Dose,    0,  0,  0,  0,  1, 20,    0.0000000,     0.0000000,      0.00, 0, 0, 0, 0
Dose,    0,  0,  0,  0,  1, 30,    0.0000000,     0.0000000,      0.00, 0, 0, 0, 0
Dose,    0,  0,  0,  0,  1, 40,    0.0000000,     0.0000000,      0.00, 0, 0, 0, 0
Dose,    0,  0,  0,  0,  1, 50,    0.0000000,     0.0000000,      0.00, 0, 0, 0, 0
Dose,    0,  0,  0,  0,  2,  0,    0.0000000,     0.0000000,      0.00, 0, 0, 0, 0
Dose,    0,  0,  0,  0,  2, 10,    0.0000000,     0.0000000,      0.00, 0, 0, 0, 0
Dose,    0,  0,  0,  0,  2, 20,    0.0000000,     0.0000000,      0.00, 0, 0, 0, 0
Dose,    0,  0,  0,  0,  2, 30,    0.0000000,     0.0000000,      0.00, 0, 0, 0, 0
Dose,    0,  0,  0,  0,  2, 40,    0.0000000,     0.0000000,      0.00, 0, 0, 0, 0
Dose,    0,  0,  0,  0,  2, 50,    0.0000000,     0.0000000,      0.00, 0, 0, 0, 0
Dose,    0,  0,  0,  0,  3,  0,    0.0000000,     0.0000000,      0.00, 0, 0, 0, 0
Dose,    0,  0,  0,  0,  3, 10,    0.0000000,     0.0000000,      0.00, 0, 0, 0, 0
Dose,    0,  0,  0,  0,  3, 20,    0.0000000,     0.0000000,      0.00, 0, 0, 0, 0
Dose,    0,  0,  0,  0,  3, 30,    0.0000000,     0.0000000,      0.00, 0, 0, 0, 0
Dose,    0,  0,  0,  0,  3, 40,    0.0000000,     0.0000000,      0.00, 0, 0, 0, 0
Dose,    0,  0,  0,  0,  3, 50,    0.0000000,     0.0000000,      0.00, 0, 0, 0, 0
Dose,    0,  0,  0,  0,  4,  0,    0.0000000,     0.0000000,      0.00, 0, 0, 1, 0
Dose,    0,  0,  0,  0,  4, 10,    0.0000000,     0.0000000,      0.00, 0, 0, 0, 0
Dose,    0,  0,  0,  0,  4, 20,    0.0000000,     0.0000000,      0.00, 0, 0, 0, 0
Dose,    0,  0,  0,  0,  4, 30,    0.0000000,     0.0000000,      0.00, 0, 0, 0, 0
Dose,    0,  0,  0,  0,  4, 40,    0.0000000,     0.0000000,      0.00, 0, 0, 0, 0
Dose,    0,  0,  0,  0,  4, 50,    0.0000000,     0.0000000,      0.00, 0, 0, 0, 0
Dose,    0,  0,  0,  0,  5,  0,    0.0000000,     0.0000000,      0.00, 0, 0, 0, 0
Dose,    0,  0,  0,  0,  5, 10,    0.0000000,     0.0000000,      0.00, 0, 0, 0, 0
Dose,    0,  0,  0,  0,  5, 20,    0.0000000,     0.0000000,      0.00, 0, 0, 0, 0
Dose,    0,  0,  0,  0,  5, 30,    0.0000000,     0.0000000,      0.00, 0, 0, 0, 0
Dose,    0,  0,  0,  0,  5, 40,    0.0000000,     0.0000000,      0.00, 0, 0, 0, 0
Dose,    0,  0,  0,  0,  5, 50,    0.0000000,     0.0000000,      0.00, 0, 0, 0, 0
Dose,    0,  0,  0,  0,  6,  0,    0.0000000,     0.0000000,      0.00, 0, 0, 0, 0
Dose,    0,  0,  0,  0,  6, 10,    0.0000000,     0.0000000,      0.00, 0, 0, 0, 0
Dose,    0,  0,  0,  0,  6, 20,    0.0000000,     0.0000000,      0.00, 0, 0, 0, 0
Dose,    0,  0,  0,  0,  6, 30,    0.0000000,     0.0000000,      0.00, 0, 0, 0, 0
Dose,    0,  0,  0,  0,  6, 40,    0.0000000,     0.0000000,      0.00, 0, 0, 0, 0
Dose,    0,  0,  0,  0,  6, 50,    0.0000000,     0.0000000,      0.00, 0, 0, 0, 0
Dose,    0,  0,  0,  0,  7,  0,    0.0000000,     0.0000000,      0.00, 0, 0, 0, 0
Dose,    0,  0,  0,  0,  7, 10,    0.0000000,     0.0000000,      0.00, 0, 0, 0, 0
Dose,    0,  0,  0,  0,  7, 20,    0.0000000,     0.0000000,      0.00, 0, 0, 0, 0
Dose,    0,  0,  0,  0,  7, 30,    0.0000000,     0.0000000,      0.00, 0, 0, 0, 0
Dose,    0,  0,  0,  0,  7, 40,    0.0000000,     0.0000000,      0.00, 0, 0, 0, 0
Dose,    0,  0,  0,  0,  7, 50,    0.0000000,     0.0000000,      0.00, 0, 0, 0, 0
Dose,    0,  0,  0,  0,  8,  0,    0.0000000,     0.0000000,      0.00, 0, 0, 0, 0
Dose,    0,  0,  0,  0,  8, 10,    0.0000000,     0.0000000,      0.00, 0, 0, 0, 0
Dose,    0,  0,  0,  0,  8, 20,    0.0000000,     0.0000000,      0.00, 0, 0, 0, 0
Dose,    0,  0,  0,  0,  8, 30,    0.0000000,     0.0000000,      0.00, 0, 0, 0, 0
Dose,    0,  0,  0,  0,  8, 40,    0.0000000,     0.0000000,      0.00, 0, 0, 0, 0
Dose,    0,  0,  0,  0,  8, 50,    0.0000000,     0.0000000,      0.00, 0, 0, 0, 0
Dose,    0,  0,  0,  0,  9,  0,    0.0000000,     0.0000000,      0.00, 0, 0, 0, 0
Dose,    0,  0,  0,  0,  9, 10,    0.0000000,     0.0000000,      0.00, 0, 0, 0, 0
Dose,    0,  0,  0,  0,  9, 20,    0.0000000,     0.0000000,      0.00, 0, 0, 0, 0
Dose,    0,  0,  0,  0,  9, 30,    0.0000000,     0.0000000,      0.00, 0, 0, 0, 0
Dose,    0,  0,  0,  0,  9, 40,    0.0000000,     0.0000000,      0.00, 0, 0, 0, 0
Dose,    0,  0,  0,  0,  9, 50,    0.0000000,     0.0000000,      0.00, 0, 0, 0, 0
Dose,    0,  0,  0,  0, 10,  0,    0.0000000,     0.0000000,      0.00, 0, 0, 0, 0
Dose,    0,  0,  0,  0, 10, 10,    0.0000000,     0.0000000,      0.00, 0, 0, 0, 0
Dose,    0,  0,  0,  0, 10, 20,    0.0000000,     0.0000000,      0.00, 0, 0, 0, 0
Dose,    0,  0,  0,  0, 10, 30,    0.0000000,     0.0000000,      0.00, 0, 0, 0, 0
Dose,    0,  0,  0,  0, 10, 40,    0.0000000,     0.0000000,      0.00, 0, 0, 0, 0
Dose,    0,  0,  0,  0, 10, 50,    0.0000000,     0.0000000,      0.00, 0, 0, 0, 0
Dose,    0,  0,  0,  0, 11,  0,    0.0000000,     0.0000000,      0.00, 0, 0, 0, 0
Dose,    0,  0,  0,  0, 11, 10,    0.0000000,     0.0000000,      0.00, 0, 0, 0, 0
Dose,    0,  0,  0,  0, 11, 20,    0.0000000,     0.0000000,      0.00, 0, 0, 0, 0
Dose,    0,  0,  0,  0, 11, 30,    0.0000000,     0.0000000,      0.00, 0, 0, 0, 0
Dose,    0,  0,  0,  0, 11, 40,    0.0000000,     0.0000000,      0.00, 0, 0, 0, 0
Dose,    0,  0,  0,  0, 11, 50,    0.0000000,     0.0000000,      0.00, 0, 0, 0, 0
Dose,    0,  0,  0,  0, 12,  0,    0.0000000,     0.0000000,      0.00, 0, 0, 0, 0
Dose,    0,  0,  0,  0, 12, 10,    0.0000000,     0.0000000,      0.00, 0, 0, 0, 0
Dose,    0,  0,  0,  0, 12, 20,    0.0000000,     0.0000000,      0.00, 0, 0, 0, 0
Dose,    0,  0,  0,  0, 12, 30,    0.0000000,     0.0000000,      0.00, 0, 0, 0, 0
Dose,    0,  0,  0,  0, 12, 40,    0.0000000,     0.0000000,      0.00, 0, 0, 0, 0
Dose,    0,  0,  0,  0, 12, 50,    0.0000000,     0.0000000,      0.00, 0, 0, 0, 0
Dose,    0,  0,  0,  0, 13,  0,    0.0000000,     0.0000000,      0.00, 0, 0, 0, 0
Dose,    0,  0,  0,  0, 13, 10,    0.0000000,     0.0000000,      0.00, 0, 0, 0, 0
Dose,    0,  0,  0,  0, 13, 20,    0.0000000,     0.0000000,      0.00, 0, 0, 0, 0
Dose,    0,  0,  0,  0, 13, 30,    0.0000000,     0.0000000,      0.00, 0, 0, 0, 0
Dose,    0,  0,  0,  0, 13, 40,    0.0000000,     0.0000000,      0.00, 0, 0, 0, 0
Dose,    0,  0,  0,  0, 13, 50,    0.0000000,     0.0000000,      0.00, 0, 0, 0, 0
Dose,    0,  0,  0,  0, 14,  0,    0.0000000,     0.0000000,      0.00, 0, 0, 0, 0
Dose,    0,  0,  0,  0, 14, 10,    0.0000000,     0.0000000,      0.00, 0, 0, 0, 0
Dose,    0,  0,  0,  0, 14, 20,    0.0000000,     0.0000000,      0.00, 0, 0, 0, 0
Dose,    0,  0,  0,  0, 14, 30,    0.0000000,     0.0000000,      0.00, 0, 0, 0, 0
Dose,    0,  0,  0,  0, 14, 40,    0.0000000,     0.0000000,      0.00, 0, 0, 0, 0
Dose,    0,  0,  0,  0, 14, 50,    0.0000000,     0.0000000,      0.00, 0, 0, 0, 0
Dose,    0,  0,  0,  0, 15,  0,    0.0000000,     0.0000000,      0.00, 0, 0, 0, 0
Dose,    0,  0,  0,  0, 15, 10,    0.0000000,     0.0000000,      0.00, 0, 0, 0, 0
Dose,    0,  0,  0,  0, 15, 20,    0.0000000,     0.0000000,      0.00, 0, 0, 0, 0
Dose,    0,  0,  0,  0, 15, 30,    0.0000000,     0.0000000,      0.00, 0, 0, 0, 0
Dose,    0,  0,  0,  0, 15, 40,    0.0000000,     0.0000000,      0.00, 0, 0, 0, 0
Dose,    0,  0,  0,  0, 15, 50,    0.0000000,     0.0000000,      0.00, 0, 0, 0, 0
Dose,    0,  0,  0,  0, 16,  0,    0.0000000,     0.0000000,      0.00, 0, 0, 0, 0
Dose,    0,  0,  0,  0, 16, 10,    0.0000000,     0.0000000,      0.00, 0, 0, 0, 0
Dose,    0,  0,  0,  0, 16, 20,    0.0000000,     0.0000000,      0.00, 0, 0, 0, 0
Dose,    0,  0,  0,  0, 16, 30,    0.0000000,     0.0000000,      0.00, 0, 0, 0, 0
Dose,    0,  0,  0,  0, 16, 40,    0.0000000,     0.0000000,      0.00, 0, 0, 0, 0
Dose,    0,  0,  0,  0, 16, 50,    0.0000000,     0.0000000,      0.00, 0, 0, 0, 0
Dose,    0,  0,  0,  0, 17,  0,    0.0000000,     0.0000000,      0.00, 0, 0, 0, 0
Dose,    0,  0,  0,  0, 17, 10,    0.0000000,     0.0000000,      0.00, 0, 0, 0, 0
Dose,    0,  0,  0,  0, 17, 20,    0.0000000,     0.0000000,      0.00, 0, 0, 0, 0
Dose,    0,  0,  0,  0, 17, 30,    0.0000000,     0.0000000,      0.00, 0, 0, 0, 0
Dose,    0,  0,  0,  0, 17, 40,    0.0000000,     0.0000000,      0.00, 0, 0, 0, 0
Dose,    0,  0,  0,  0, 17, 50,    0.0000000,     0.0000000,      0.00, 0, 0, 0, 0
Dose,    0,  0,  0,  0, 18,  0,    0.0000000,     0.0000000,      0.00, 0, 0, 0, 0
Dose,    0,  0,  0,  0, 18, 10,    0.0000000,     0.0000000,      0.00, 0, 0, 0, 0
Dose,    0,  0,  0,  0, 18, 20,    0.0000000,     0.0000000,      0.00, 0, 0, 0, 0
Dose,    0,  0,  0,  0, 18, 30,    0.0000000,     0.0000000,      0.00, 0, 0, 0, 0
Dose,    0,  0,  0,  0, 18, 40,    0.0000000,     0.0000000,      0.00, 0, 0, 0, 0
Dose, 2018,  8, 15, 12, 58, 20,    0.0000000,     0.0000000,      0.00, 0, 0, 0, 0
Dose, 2018,  8, 15, 12, 58, 30,    0.0000000,     0.0000000,      0.00, 0, 0, 0, 0
Dose, 2018,  8, 15, 12, 58, 40,    0.0000000,     0.0000000,      0.00, 0, 0, 0, 0
Dose, 2018,  8, 15, 12, 58, 50,    0.0000000,     0.0000000,      0.00, 0, 0, 0, 0
Dose, 2018,  8, 15, 12, 59,  0,    0.0000000,     0.0000000,      0.00, 0, 0, 0, 0
Dose, 2018,  8, 15, 12, 59, 10,    0.0000000,     0.0000000,      0.00, 0, 0, 0, 0
Dose, 2018,  8, 15, 12, 59, 20,    0.0000000,     0.0000000,      0.00, 0, 0, 0, 0
Dose, 2018,  8, 15, 12, 59, 30,    0.0000000,     0.0000000,      0.00, 0, 0, 0, 0
Dose, 2018,  8, 15, 12, 59, 40,    0.0000000,     0.0000000,      0.00, 0, 0, 0, 0
Dose, 2018,  8, 15, 12, 59, 50,    0.0000000,     0.0000000,      0.00, 0, 0, 0, 0
Dose, 2018,  8, 15, 13,  0,  0,    0.0000000,     0.0000000,      0.00, 0, 0, 0, 0
Dose, 2018,  8, 15, 13,  0, 10,    0.0000000,     0.0000000,      0.00, 0, 0, 0, 0
Dose, 2018,  8, 15, 13,  0, 20,    0.0000000,     0.0000000,      0.00, 0, 0, 0, 0
Dose, 2018,  8, 15, 13,  0, 30,    0.0000000,     0.0000000,      0.00, 0, 0, 0, 0
Dose, 2018,  8, 15, 13,  0, 40,    0.0000000,     0.0000000,      0.00, 0, 0, 0, 0
Dose, 2018,  8, 15, 13,  0, 50,    0.0000000,     0.0000000,      0.00, 0, 0, 0, 0
Dose, 2018,  8, 15, 13,  1,  0,    0.0000000,     0.0000000,      0.00, 0, 0, 0, 0
Dose, 2018,  8, 15, 13,  1, 10,    0.0000000,     0.0000000,      0.00, 0, 0, 0, 0
Dose, 2018,  8, 15, 13,  1, 20,    0.0000000,     0.0000000,      0.00, 0, 0, 0, 0
Dose, 2018,  8, 15, 13,  1, 30,    0.0000000,     0.0000000,      0.00, 0, 0, 0, 0
Dose, 2018,  8, 15, 13,  1, 40,    0.0000000,     0.0000000,      0.00, 0, 0, 0, 0
Dose, 2018,  8, 15, 13,  1, 50,    0.0000000,     0.0000000,      0.00, 0, 0, 0, 0
Dose, 2018,  8, 15, 13,  2,  0,    0.0000000,     0.0000000,      0.00, 0, 0, 0, 0
Dose, 2018,  8, 15, 13,  2, 10,    0.0000000,     0.0000000,      0.00, 0, 0, 0, 0
Dose, 2018,  8, 15, 13,  2, 20,    0.0000000,     0.0000000,      0.00, 0, 0, 0, 0
Dose, 2018,  8, 15, 13,  2, 30,    0.0000000,     0.0000000,      0.00, 0, 0, 0, 0
Dose, 2018,  8, 15, 13,  2, 40,    0.0000000,     0.0000000,      0.00, 0, 0, 0, 0
Dose, 2018,  8, 15, 13,  2, 50,    0.0000000,     0.0000000,      0.00, 0, 0, 0, 0
Dose, 2018,  8, 15, 13,  3,  0,    0.0000000,     0.0000000,      0.00, 0, 0, 0, 0
Dose, 2018,  8, 15, 13,  3, 10,    0.0000000,     0.0000000,      0.00, 0, 0, 0, 0
Dose, 2018,  8, 15, 13,  3, 20,    0.0000000,     0.0000000,      0.00, 0, 0, 0, 0
Dose, 2018,  8, 15, 13,  3, 30,    0.0000000,     0.0000000,      0.00, 0, 0, 0, 0
Dose, 2018,  8, 15, 13,  3, 40,    0.0000000,     0.0000000,      0.00, 0, 0, 0, 0
Dose, 2018,  8, 15, 13,  3, 50,    0.0000000,     0.0000000,      0.00, 0, 0, 0, 0
Dose, 2018,  8, 15, 13,  4,  0,    0.0000000,     0.0000000,      0.00, 0, 0, 0, 0
Dose, 2018,  8, 15, 13,  4, 10,    0.0000000,     0.0000000,      0.00, 0, 0, 0, 0
Dose, 2018,  8, 15, 13,  4, 20,    0.0000000,     0.0000000,      0.00, 0, 0, 0, 0
Dose, 2018,  8, 15, 13,  4, 30,    0.0000000,     0.0000000,      0.00, 0, 0, 0, 0
Dose, 2018,  8, 15, 13,  4, 40,    0.0000000,     0.0000000,      0.00, 0, 0, 0, 0
Dose, 2018,  8, 15, 13,  4, 50,    0.0000000,     0.0000000,      0.00, 0, 0, 0, 0
Dose, 2018,  8, 15, 13,  5,  0,    0.0000000,     0.0000000,      0.00, 0, 0, 0, 0
Dose, 2018,  8, 15, 13,  5, 10,    0.0000000,     0.0000000,      0.00, 0, 0, 0, 0
Dose, 2018,  8, 15, 13,  5, 20,    0.0000000,     0.0000000,      0.00, 0, 0, 0, 0
Dose, 2018,  8, 15, 13,  5, 30,    0.0000000,     0.0000000,      0.00, 0, 0, 0, 0
Dose, 2018,  8, 15, 13,  5, 40,    0.0000000,     0.0000000,      0.00, 0, 0, 0, 0
Dose, 2018,  8, 15, 13,  5, 50,    0.0000000,     0.0000000,      0.00, 0, 0, 0, 0
Dose, 2018,  8, 15, 13,  6,  0,    0.0000000,     0.0000000,      0.00, 0, 0, 0, 0
Dose, 2018,  8, 15, 13,  6, 10,    0.0000000,     0.0000000,      0.00, 0, 0, 0, 0
Dose, 2018,  8, 15, 13,  6, 20,    0.0000000,     0.0000000,      0.00, 0, 0, 0, 0
Dose, 2018,  8, 15, 13,  6, 30,    0.0000000,     0.0000000,      0.00, 0, 0, 0, 0
Dose, 2018,  8, 15, 13,  6, 40,    0.0000000,     0.0000000,      0.00, 0, 0, 0, 0
Dose, 2018,  8, 15, 13,  6, 50,    0.0000000,     0.0000000,      0.00, 0, 0, 0, 0
Dose, 2018,  8, 15, 13,  7,  0,    0.0000000,     0.0000000,      0.00, 0, 0, 0, 0
Dose, 2018,  8, 15, 13,  7, 10,    0.0000000,     0.0000000,      0.00, 0, 0, 0, 0
Dose, 2018,  8, 15, 13,  7, 20,    0.0000000,     0.0000000,      0.00, 0, 0, 0, 0
Dose, 2018,  8, 15, 13,  7, 30,    0.0000000,     0.0000000,      0.00, 0, 0, 0, 0
Dose, 2018,  8, 15, 13,  7, 40,    0.0000000,     0.0000000,      0.00, 0, 0, 0, 0
Dose, 2018,  8, 15, 13,  7, 50,    0.0000000,     0.0000000,      0.00, 0, 0, 0, 0
Dose, 2018,  8, 15, 13,  8,  0,    0.0000000,     0.0000000,      0.00, 0, 0, 0, 0
Dose, 2018,  8, 15, 13,  8, 10,    0.0000000,     0.0000000,      0.00, 0, 0, 0, 0
Dose, 2018,  8, 15, 13,  8, 20,    0.0000000,     0.0000000,      0.00, 0, 0, 0, 0
Dose, 2018,  8, 15, 13,  8, 30,    0.0000000,     0.0000000,      0.00, 0, 0, 0, 0
Dose, 2018,  8, 15, 13,  8, 40,    0.0000000,     0.0000000,      0.00, 0, 0, 0, 0
Dose, 2018,  8, 15, 13,  8, 50,    0.0000000,     0.0000000,      0.00, 0, 0, 0, 0
Dose, 2018,  8, 15, 13,  9,  0,    0.0000000,     0.0000000,      0.00, 0, 0, 0, 0
Dose, 2018,  8, 15, 13,  9, 10,    0.0000000,     0.0000000,      0.00, 0, 0, 0, 0
Dose, 2018,  8, 15, 13,  9, 20,    0.0000000,     0.0000000,      0.00, 0, 0, 0, 0
Dose, 2018,  8, 15, 13,  9, 30,    0.0000000,     0.0000000,      0.00, 0, 0, 0, 0
Dose, 2018,  8, 15, 13,  9, 40,    0.0000000,     0.0000000,      0.00, 0, 0, 0, 0
Dose, 2018,  8, 15, 13,  9, 50,    0.0000000,     0.0000000,      0.00, 0, 0, 0, 0
Dose, 2018,  8, 15, 13, 10,  0,    0.0000000,     0.0000000,      0.00, 0, 0, 0, 0
Dose, 2018,  8, 15, 13, 10, 10,    0.0000000,     0.0000000,      0.00, 0, 0, 0, 0
Dose, 2018,  8, 15, 13, 10, 20,    0.0000000,     0.0000000,      0.00, 0, 0, 0, 0
Dose, 2018,  8, 15, 13, 10, 30,    0.0000000,     0.0000000,      0.00, 0, 0, 0, 0
Dose, 2018,  8, 15, 13, 10, 40,    0.0000000,     0.0000000,      0.00, 0, 0, 0, 0
Dose, 2018,  8, 15, 13, 10, 50,    0.0000000,     0.0000000,      0.00, 0, 0, 0, 0
Dose, 2018,  8, 15, 13, 11,  0,    0.0000000,     0.0000000,      0.00, 0, 0, 0, 0
Dose, 2018,  8, 15, 13, 11, 10,    0.0000000,     0.0000000,      0.00, 0, 0, 0, 0
Dose, 2018,  8, 15, 13, 11, 20,    0.0000000,     0.0000000,      0.00, 0, 0, 0, 0
Dose, 2018,  8, 15, 13, 11, 30,    0.0000000,     0.0000000,      0.00, 0, 0, 0, 0
Dose, 2018,  8, 15, 13, 11, 40,    0.0000000,     0.0000000,      0.00, 0, 0, 0, 0
Dose, 2018,  8, 15, 13, 11, 50,    0.0000000,     0.0000000,      0.00, 0, 0, 0, 0
Dose, 2018,  8, 15, 13, 12,  0,    0.0000000,     0.0000000,      0.00, 0, 0, 0, 0
Dose, 2018,  8, 15, 13, 12, 10,    0.0000000,     0.0000000,      0.00, 0, 0, 0, 0
Dose, 2018,  8, 15, 13, 12, 20,    0.0000000,     0.0000000,      0.00, 0, 0, 0, 0
Dose, 2018,  8, 15, 13, 12, 30,    0.0000000,     0.0000000,      0.00, 0, 0, 0, 0
Dose, 2018,  8, 15, 13, 12, 40,    0.0000000,     0.0000000,      0.00, 0, 0, 0, 0
Dose, 2018,  8, 15, 13, 12, 50,    0.0000000,     0.0000000,      0.00, 0, 0, 0, 0
Dose, 2018,  8, 15, 13, 13,  0,    0.0000000,     0.0000000,      0.00, 0, 0, 0, 0
Dose, 2018,  8, 15, 13, 13, 10,    0.0000000,     0.0000000,      0.00, 0, 0, 0, 0
Dose, 2018,  8, 15, 13, 13, 20,    0.0000000,     0.0000000,      0.00, 0, 0, 0, 0
Dose, 2018,  8, 15, 13, 13, 30,    0.0000000,     0.0000000,      0.00, 0, 0, 0, 0
Dose, 2018,  8, 15, 13, 13, 40,    0.0000000,     0.0000000,      0.00, 0, 0, 0, 0
Dose, 2018,  8, 15, 13, 13, 50,    0.0000000,     0.0000000,      0.00, 0, 0, 0, 0
Dose, 2018,  8, 15, 13, 14,  0,    0.0000000,     0.0000000,      0.00, 0, 0, 0, 0
Dose, 2018,  8, 15, 13, 14, 10,    0.0000000,     0.0000000,      0.00, 0, 0, 0, 0
Dose, 2018,  8, 15, 13, 14, 20,    0.0000000,     0.0000000,      0.00, 0, 0, 0, 0
Dose, 2018,  8, 15, 13, 14, 30,    0.0000000,     0.0000000,      0.00, 0, 0, 0, 0
Dose, 2018,  8, 15, 13, 14, 40,    0.0000000,     0.0000000,      0.00, 0, 0, 0, 0
Dose, 2018,  8, 15, 13, 14, 50,    0.0000000,     0.0000000,      0.00, 0, 0, 0, 0
Dose, 2018,  8, 15, 13, 15,  0,    0.0000000,     0.0000000,      0.00, 0, 0, 0, 0
Dose, 2018,  8, 15, 13, 15, 10,    0.0000000,     0.0000000,      0.00, 0, 0, 0, 0
Dose, 2018,  8, 15, 13, 15, 20,    0.0000000,     0.0000000,      0.00, 0, 0, 0, 0
Dose, 2018,  8, 15, 13, 15, 30,    0.0000000,     0.0000000,      0.00, 0, 0, 0, 0
Dose, 2018,  8, 15, 13, 15, 40,    0.0000000,     0.0000000,      0.00, 0, 0, 0, 0
Dose, 2018,  8, 15, 13, 15, 50,    0.0000000,     0.0000000,      0.00, 0, 0, 0, 0
Dose, 2018,  8, 15, 13, 16,  0,    0.0000000,     0.0000000,      0.00, 0, 0, 0, 0
Dose, 2018,  8, 15, 13, 16, 10,    0.0000000,     0.0000000,      0.00, 0, 0, 0, 0
Dose, 2018,  8, 15, 13, 16, 20,    0.0000000,     0.0000000,      0.00, 0, 0, 0, 0
Dose, 2018,  8, 15, 13, 16, 30,    0.0000000,     0.0000000,      0.00, 0, 0, 0, 0
Dose, 2018,  8, 15, 13, 16, 40,    0.0000000,     0.0000000,      0.00, 0, 0, 0, 0
Dose, 2018,  8, 15, 13, 16, 50,    0.0000000,     0.0000000,      0.00, 0, 0, 0, 0
Dose, 2018,  8, 15, 13, 17,  0,    0.0000000,     0.0000000,      0.00, 0, 0, 0, 0
Dose, 2018,  8, 15, 13, 17, 10,    0.0000000,     0.0000000,      0.00, 0, 0, 0, 0
Dose, 2018,  8, 15, 13, 17, 20,    0.0000000,     0.0000000,      0.00, 0, 0, 0, 0
Dose, 2018,  8, 15, 13, 17, 30,    0.0000000,     0.0000000,      0.00, 0, 0, 0, 0
Dose, 2018,  8, 15, 13, 17, 40,    0.0000000,     0.0000000,      0.00, 0, 0, 0, 0
Dose, 2018,  8, 15, 13, 17, 50,    0.0000000,     0.0000000,      0.00, 0, 0, 0, 0
Dose, 2018,  8, 15, 13, 18,  0,    0.0000000,     0.0000000,      0.00, 0, 0, 0, 0
Dose, 2018,  8, 15, 13, 18, 10,    0.0000000,     0.0000000,      0.00, 0, 0, 0, 0
Dose, 2018,  8, 15, 13, 18, 20,    0.0000000,     0.0000000,      0.00, 0, 0, 0, 0
Dose, 2018,  8, 15, 13, 18, 30,    0.0000000,     0.0000000,      0.00, 0, 0, 0, 0
Dose, 2018,  8, 15, 13, 18, 40,    0.0000000,     0.0000000,      0.00, 0, 0, 0, 0
Dose, 2018,  8, 15, 13, 18, 50,    0.0000000,     0.0000000,      0.00, 0, 0, 0, 0
Dose, 2018,  8, 15, 13, 19,  0,    0.0000000,     0.0000000,      0.00, 0, 0, 0, 0
Dose, 2018,  8, 15, 13, 19, 10,    0.0000000,     0.0000000,      0.00, 0, 0, 0, 0
Dose, 2018,  8, 15, 13, 19, 20,    0.0000000,     0.0000000,      0.00, 0, 0, 0, 0
Dose, 2018,  8, 15, 13, 19, 30,    0.0000000,     0.0000000,      0.00, 0, 0, 0, 0
Dose, 2018,  8, 15, 13, 19, 40,    0.0000000,     0.0000000,      0.00, 0, 0, 0, 0
Dose, 2018,  8, 15, 13, 19, 50,    0.0000000,     0.0000000,      0.00, 0, 0, 0, 0
Dose, 2018,  8, 15, 13, 20,  0,    0.0000000,     0.0000000,      0.00, 0, 0, 0, 0
Dose, 2018,  8, 15, 13, 20, 10,    0.0000000,     0.0000000,      0.00, 0, 0, 0, 0
Dose, 2018,  8, 15, 13, 20, 20,    0.0000000,     0.0000000,      0.00, 0, 0, 0, 0
Dose, 2018,  8, 15, 13, 20, 30,    0.0000000,     0.0000000,      0.00, 0, 0, 0, 0
Dose, 2018,  8, 15, 13, 20, 40,    0.0000000,     0.0000000,      0.00, 0, 0, 0, 0
Dose, 2018,  8, 15, 13, 20, 50,    0.0000000,     0.0000000,      0.00, 0, 0, 0, 0
Dose, 2018,  8, 15, 13, 21,  0,    0.0000000,     0.0000000,      0.00, 0, 0, 0, 0
Dose, 2018,  8, 15, 13, 21, 10,    0.0000000,     0.0000000,      0.00, 0, 0, 0, 0
Dose, 2018,  8, 15, 13, 21, 20,    0.0000000,     0.0000000,      0.00, 0, 0, 0, 0
Dose, 2018,  8, 15, 13, 21, 30,    0.0000000,     0.0000000,      0.00, 0, 0, 0, 0
Dose, 2018,  8, 15, 13, 21, 40,    0.0000000,     0.0000000,      0.00, 0, 0, 0, 0
Dose, 2018,  8, 15, 13, 21, 50,    0.0000000,     0.0000000,      0.00, 0, 0, 0, 0
Dose, 2018,  8, 15, 13, 22,  0,    0.0000000,     0.0000000,      0.00, 0, 0, 0, 0
Dose, 2018,  8, 15, 13, 22, 10,    0.0000000,     0.0000000,      0.00, 0, 0, 0, 0
Dose, 2018,  8, 15, 13, 22, 20,    0.0000000,     0.0000000,      0.00, 0, 0, 0, 0
Dose, 2018,  8, 15, 13, 22, 30,    0.0000000,     0.0000000,      0.00, 0, 0, 0, 0
Dose, 2018,  8, 15, 13, 22, 40,    0.0000000,     0.0000000,      0.00, 0, 0, 0, 0
Dose, 2018,  8, 15, 13, 22, 50,    0.0000000,     0.0000000,      0.00, 0, 0, 0, 0
Dose, 2018,  8, 15, 13, 23,  0,    0.0000000,     0.0000000,      0.00, 0, 0, 0, 0
Dose, 2018,  8, 15, 13, 23, 10,    0.0000000,     0.0000000,      0.00, 0, 0, 0, 0
Dose, 2018,  8, 15, 13, 23, 20,    0.0000000,     0.0000000,      0.00, 0, 0, 0, 0
Dose, 2018,  8, 15, 13, 23, 30,    0.0000000,     0.0000000,      0.00, 0, 0, 0, 0
Dose, 2018,  8, 15, 13, 23, 40,    0.0000000,     0.0000000,      0.00, 0, 0, 0, 0
Dose, 2018,  8, 15, 13, 23, 50,    0.0000000,     0.0000000,      0.00, 0, 0, 0, 0
Dose, 2018,  8, 15, 13, 24,  0,    0.0000000,     0.0000000,      0.00, 0, 0, 0, 0
Dose, 2018,  8, 15, 13, 24, 10,    0.0000000,     0.0000000,      0.00, 0, 0, 0, 0
Dose, 2018,  8, 15, 13, 24, 20,    0.0000000,     0.0000000,      0.00, 0, 0, 0, 0
Dose, 2018,  8, 15, 13, 24, 30,    0.0000000,     0.0000000,      0.00, 0, 0, 0, 0
Dose, 2018,  8, 15, 13, 24, 40,    0.0000000,     0.0000000,      0.00, 0, 0, 0, 0
Dose, 2018,  8, 15, 13, 24, 50,    0.0000000,     0.0000000,      0.00, 0, 0, 0, 0
Dose, 2018,  8, 15, 13, 25,  0,    0.0000000,     0.0000000,      0.00, 0, 0, 0, 0
Dose, 2018,  8, 15, 13, 25, 10,    0.0000000,     0.0000000,      0.00, 0, 0, 0, 0
Dose, 2018,  8, 15, 13, 25, 20,    0.0000000,     0.0000000,      0.00, 0, 0, 0, 0
Dose, 2018,  8, 15, 13, 25, 30,    0.0000000,     0.0000000,      0.00, 0, 0, 0, 0
Dose, 2018,  8, 15, 13, 25, 40,    0.0000000,     0.0000000,      0.00, 0, 0, 0, 0
Dose, 2018,  8, 15, 13, 25, 50,    0.0000000,     0.0000000,      0.00, 0, 0, 0, 0
Dose, 2018,  8, 15, 13, 26,  0,    0.0000000,     0.0000000,      0.00, 0, 0, 0, 0
Dose, 2018,  8, 15, 13, 26, 10,    0.0000000,     0.0000000,      0.00, 0, 0, 0, 0
Dose, 2018,  8, 15, 13, 26, 20,    0.0000000,     0.0000000,      0.00, 0, 0, 0, 0
Dose, 2018,  8, 15, 13, 26, 30,    0.0000000,     0.0000000,      0.00, 0, 0, 0, 0
Dose, 2018,  8, 15, 13, 26, 40,    0.0000000,     0.0000000,      0.00, 0, 0, 0, 0
Dose, 2018,  8, 15, 13, 26, 50,    0.0000000,     0.0000000,      0.00, 0, 0, 0, 0
Dose, 2018,  8, 15, 13, 27,  0,    0.0000000,     0.0000000,      0.00, 0, 0, 0, 0
Dose, 2018,  8, 15, 13, 27, 10,    0.0000000,     0.0000000,      0.00, 0, 0, 0, 0
Dose, 2018,  8, 15, 13, 27, 20,    0.0000000,     0.0000000,      0.00, 0, 0, 0, 0
Dose, 2018,  8, 15, 13, 27, 30,    0.0000000,     0.0000000,      0.00, 0, 0, 0, 0
Dose, 2018,  8, 15, 13, 27, 40,    0.0000000,     0.0000000,      0.00, 0, 0, 0, 0
Dose, 2018,  8, 15, 13, 27, 50,    0.0000000,     0.0000000,      0.00, 0, 0, 0, 0
Dose, 2018,  8, 15, 13, 28,  0,    0.0000000,     0.0000000,      0.00, 0, 0, 0, 0
Dose, 2018,  8, 15, 13, 28, 10,    0.0000000,     0.0000000,      0.00, 0, 0, 0, 0
Dose, 2018,  8, 15, 13, 28, 20,    0.0000000,     0.0000000,      0.00, 0, 0, 0, 0
Dose, 2018,  8, 15, 13, 28, 30,    0.0000000,     0.0000000,      0.00, 0, 0, 0, 0
Dose, 2018,  8, 15, 13, 28, 40,    0.0000000,     0.0000000,      0.00, 0, 0, 0, 0
Dose, 2018,  8, 15, 13, 28, 50,    0.0000000,     0.0000000,      0.00, 0, 0, 0, 0
Dose, 2018,  8, 15, 13, 29,  0,    0.0000000,     0.0000000,      0.00, 0, 0, 0, 0
Dose, 2018,  8, 15, 13, 29, 10,    0.0000000,     0.0000000,      0.00, 0, 0, 0, 0
Dose, 2018,  8, 15, 13, 29, 20,    0.0000000,     0.0000000,      0.00, 0, 0, 0, 0
Dose, 2018,  8, 15, 13, 29, 30,    0.0000000,     0.0000000,      0.00, 0, 0, 0, 0
Dose, 2018,  8, 15, 13, 29, 40,    0.0000000,     0.0000000,      0.00, 0, 0, 0, 0
Dose, 2018,  8, 15, 13, 29, 50,    0.0000000,     0.0000000,      0.00, 0, 0, 0, 0
Dose, 2018,  8, 15, 13, 30,  0,    0.0000000,     0.0000000,      0.00, 0, 0, 0, 0
Dose, 2018,  8, 15, 13, 30, 10,    0.0000000,     0.0000000,      0.00, 0, 0, 0, 0
Dose, 2018,  8, 15, 13, 30, 20,    0.0000000,     0.0000000,      0.00, 0, 0, 0, 0
Dose, 2018,  8, 15, 13, 30, 30,    0.0000000,     0.0000000,      0.00, 0, 0, 0, 0
Dose, 2018,  8, 15, 13, 30, 40,    0.0000000,     0.0000000,      0.00, 0, 0, 0, 0
Dose, 2018,  8, 15, 13, 30, 50,    0.0000000,     0.0000000,      0.00, 0, 0, 0, 0
Dose, 2018,  8, 15, 13, 31,  0,    0.0000000,     0.0000000,      0.00, 0, 0, 0, 0
Dose, 2018,  8, 15, 13, 31, 10,    0.0000000,     0.0000000,      0.00, 0, 0, 0, 0
Dose, 2018,  8, 15, 13, 31, 20,    0.0000000,     0.0000000,      0.00, 0, 0, 0, 0
Dose, 2018,  8, 15, 13, 31, 30,    0.0000000,     0.0000000,      0.00, 0, 0, 0, 0
Dose, 2018,  8, 15, 13, 31, 40,    0.0000000,     0.0000000,      0.00, 0, 0, 0, 0
Dose, 2018,  8, 15, 13, 31, 50,    0.0000000,     0.0000000,      0.00, 0, 0, 0, 0
Dose, 2018,  8, 15, 13, 32,  0,    0.0000000,     0.0000000,      0.00, 0, 0, 0, 0
Dose, 2018,  8, 15, 13, 32, 10,    0.0000000,     0.0000000,      0.00, 0, 0, 0, 0
Dose, 2018,  8, 15, 13, 32, 20,    0.0000000,     0.0000000,      0.00, 0, 0, 0, 0
Dose, 2018,  8, 15, 13, 32, 30,    0.0000000,     0.0000000,      0.00, 0, 0, 0, 0
Dose, 2018,  8, 15, 13, 32, 40,    0.0000000,     0.0000000,      0.00, 0, 0, 0, 0
Dose, 2018,  8, 15, 13, 32, 50,    0.0000000,     0.0000000,      0.00, 0, 0, 0, 0
Dose, 2018,  8, 15, 13, 33,  0,    0.0000000,     0.0000000,      0.00, 0, 0, 0, 0
Dose, 2018,  8, 15, 13, 33, 10,    0.0000000,     0.0000000,      0.00, 0, 0, 0, 0
Dose, 2018,  8, 15, 13, 33, 20,    0.0000000,     0.0000000,      0.00, 0, 0, 0, 0
Dose, 2018,  8, 15, 13, 33, 30,    0.0000000,     0.0000000,      0.00, 0, 0, 0, 0
Dose, 2018,  8, 15, 13, 33, 40,    0.0000000,     0.0000000,      0.00, 0, 0, 0, 0
Dose, 2018,  8, 15, 13, 33, 50,    0.0000000,     0.0000000,      0.00, 0, 0, 0, 0
Dose, 2018,  8, 15, 13, 34,  0,    0.0000000,     0.0000000,      0.00, 0, 0, 0, 0
Dose, 2018,  8, 15, 13, 34, 10,    0.0000000,     0.0000000,      0.00, 0, 0, 0, 0
Dose, 2018,  8, 15, 13, 34, 20,    0.0000000,     0.0000000,      0.00, 0, 0, 0, 0
Dose, 2018,  8, 15, 13, 34, 30,    0.0000000,     0.0000000,      0.00, 0, 0, 0, 0
Dose, 2018,  8, 15, 13, 34, 40,    0.0000000,     0.0000000,      0.00, 0, 0, 0, 0
Dose, 2018,  8, 15, 13, 34, 50,    0.0000000,     0.0000000,      0.00, 0, 0, 0, 0
Dose, 2018,  8, 15, 13, 35,  0,    0.0000000,     0.0000000,      0.00, 0, 0, 0, 0
Dose, 2018,  8, 15, 13, 35, 10,    0.0000000,     0.0000000,      0.00, 0, 0, 0, 0
Dose, 2018,  8, 15, 13, 35, 20,    0.0000000,     0.0000000,      0.00, 0, 0, 0, 0
Dose, 2018,  8, 15, 13, 35, 30,    0.0000000,     0.0000000,      0.00, 0, 0, 0, 0
Dose, 2018,  8, 15, 13, 35, 40,    0.0000000,     0.0000000,      0.00, 0, 0, 0, 0
Dose, 2018,  8, 15, 13, 35, 50,    0.0000000,     0.0000000,      0.00, 0, 0, 0, 0
Dose, 2018,  8, 15, 13, 36,  0,    0.0000000,     0.0000000,      0.00, 0, 0, 0, 0
Dose, 2018,  8, 15, 13, 36, 10,    0.0000000,     0.0000000,      0.00, 0, 0, 0, 0
Dose, 2018,  8, 15, 13, 36, 20,    0.0000000,     0.0000000,      0.00, 0, 0, 0, 0
Dose, 2018,  8, 15, 13, 36, 30,    0.0000000,     0.0000000,      0.00, 0, 0, 0, 0
Dose, 2018,  8, 15, 13, 36, 40,    0.0000000,     0.0000000,      0.00, 0, 0, 0, 0
Dose, 2018,  8, 15, 13, 36, 50,    0.0000000,     0.0000000,      0.00, 0, 0, 0, 0
Dose, 2018,  8, 15, 13, 37,  0,    0.0000000,     0.0000000,      0.00, 0, 0, 0, 0
Dose, 2018,  8, 15, 13, 37, 10,    0.0000000,     0.0000000,      0.00, 0, 0, 0, 0
Dose, 2018,  8, 15, 13, 37, 20,    0.0000000,     0.0000000,      0.00, 0, 0, 0, 0
Dose, 2018,  8, 15, 13, 37, 30,    0.0000000,     0.0000000,      0.00, 0, 0, 0, 0
Dose, 2018,  8, 15, 13, 37, 40,    0.0000000,     0.0000000,      0.00, 0, 0, 0, 0
Dose, 2018,  8, 15, 13, 37, 50,    0.0000000,     0.0000000,      0.00, 0, 0, 0, 0
Dose, 2018,  8, 15, 13, 38,  0,    0.0000000,     0.0000000,      0.00, 0, 0, 0, 0
Dose, 2018,  8, 15, 13, 38, 10,    0.0000000,     0.0000000,      0.00, 0, 0, 0, 0
Dose, 2018,  8, 15, 13, 38, 20,    0.0000000,     0.0000000,      0.00, 0, 0, 0, 0
Dose, 2018,  8, 15, 13, 38, 30,    0.0000000,     0.0000000,      0.00, 0, 0, 0, 0
Dose, 2018,  8, 15, 13, 38, 40,    0.0000000,     0.0000000,      0.00, 0, 0, 0, 0
Dose, 2018,  8, 15, 13, 38, 50,    0.0000000,     0.0000000,      0.00, 0, 0, 0, 0
Dose, 2018,  8, 15, 13, 39,  0,    0.0000000,     0.0000000,      0.00, 0, 0, 0, 0
Dose, 2018,  8, 15, 13, 39, 10,    0.0000000,     0.0000000,      0.00, 0, 0, 0, 0
Dose, 2018,  8, 15, 13, 39, 20,    0.0000000,     0.0000000,      0.00, 0, 0, 0, 0
Dose, 2018,  8, 15, 13, 39, 30,    0.0000000,     0.0000000,      0.00, 0, 0, 0, 0
Dose, 2018,  8, 15, 13, 39, 40,    0.0000000,     0.0000000,      0.00, 0, 0, 0, 0
Dose, 2018,  8, 15, 13, 39, 50,    0.0000000,     0.0000000,      0.00, 0, 0, 0, 0
Dose, 2018,  8, 15, 13, 40,  0,    0.0000000,     0.0000000,      0.00, 0, 0, 0, 0
Dose, 2018,  8, 15, 13, 40, 10,    0.0000000,     0.0000000,      0.00, 0, 0, 0, 0
Dose, 2018,  8, 15, 13, 40, 20,    0.0000000,     0.0000000,      0.00, 0, 0, 0, 0
Dose, 2018,  8, 15, 13, 40, 30,    0.0000000,     0.0000000,      0.00, 0, 0, 0, 0
Dose, 2018,  8, 15, 13, 40, 40,    0.0000000,     0.0000000,      0.00, 0, 0, 0, 0
Dose, 2018,  8, 15, 13, 40, 50,    0.0000000,     0.0000000,      0.00, 0, 0, 0, 0
Dose, 2018,  8, 15, 13, 41,  0,    0.0000000,     0.0000000,      0.00, 0, 0, 0, 0
Dose, 2018,  8, 15, 13, 41, 10,    0.0000000,     0.0000000,      0.00, 0, 0, 0, 0
Dose, 2018,  8, 15, 13, 41, 20,    0.0000000,     0.0000000,      0.00, 0, 0, 0, 0
Dose, 2018,  8, 15, 13, 41, 30,    0.0000000,     0.0000000,      0.00, 0, 0, 0, 0
Dose, 2018,  8, 15, 13, 41, 40,    0.0000000,     0.0000000,      0.00, 0, 0, 0, 0
Dose, 2018,  8, 15, 13, 41, 50,    0.0000000,     0.0000000,      0.00, 0, 0, 0, 0
Dose, 2018,  8, 15, 13, 42,  0,    0.0000000,     0.0000000,      0.00, 0, 0, 0, 0
Dose, 2018,  8, 15, 13, 42, 10,    0.0000000,     0.0000000,      0.00, 0, 0, 0, 0
Dose, 2018,  8, 15, 13, 42, 20,    0.0000000,     0.0000000,      0.00, 0, 0, 0, 0
Dose, 2018,  8, 15, 13, 42, 30,    0.0000000,     0.0000000,      0.00, 0, 0, 0, 0
Dose, 2018,  8, 15, 13, 42, 40,    0.0000000,     0.0000000,      0.00, 0, 0, 0, 0
Dose, 2018,  8, 15, 13, 42, 50,    0.0000000,     0.0000000,      0.00, 0, 0, 0, 0
Dose, 2018,  8, 15, 13, 43,  0,    0.0000000,     0.0000000,      0.00, 0, 0, 0, 0
Dose, 2018,  8, 15, 13, 43, 10,    0.0000000,     0.0000000,      0.00, 0, 0, 0, 0
Dose, 2018,  8, 15, 13, 43, 20,    0.0000000,     0.0000000,      0.00, 0, 0, 0, 0
Dose, 2018,  8, 15, 13, 43, 30,    0.0000000,     0.0000000,      0.00, 0, 0, 0, 0
Dose, 2018,  8, 15, 13, 43, 40,    0.0000000,     0.0000000,      0.00, 0, 0, 0, 0
Dose, 2018,  8, 15, 13, 43, 50,    0.0000000,     0.0000000,      0.00, 0, 0, 0, 0
Dose, 2018,  8, 15, 13, 44,  0,    0.0000000,     0.0000000,      0.00, 0, 0, 0, 0
Dose, 2018,  8, 15, 13, 44, 10,    0.0000000,     0.0000000,      0.00, 0, 0, 0, 0
Dose, 2018,  8, 15, 13, 44, 20,    0.0000000,     0.0000000,      0.00, 0, 0, 0, 0
Dose, 2018,  8, 15, 13, 44, 30,    0.0000000,     0.0000000,      0.00, 0, 0, 0, 0
Dose, 2018,  8, 15, 13, 44, 40,    0.0000000,     0.0000000,      0.00, 0, 0, 0, 0
Dose, 2018,  8, 15, 13, 44, 50,    0.0000000,     0.0000000,      0.00, 0, 0, 0, 0
Dose, 2018,  8, 15, 13, 45,  0,    0.0000000,     0.0000000,      0.00, 0, 0, 0, 0
Dose, 2018,  8, 15, 13, 45, 10,    0.0000000,     0.0000000,      0.00, 0, 0, 0, 0
Dose, 2018,  8, 15, 13, 45, 20,    0.0000000,     0.0000000,      0.00, 0, 0, 0, 0
Dose, 2018,  8, 15, 13, 45, 30,    0.0000000,     0.0000000,      0.00, 0, 0, 0, 0
Dose, 2018,  8, 15, 13, 45, 40,    0.0000000,     0.0000000,      0.00, 0, 0, 0, 0
Dose, 2018,  8, 15, 13, 45, 50,    0.0000000,     0.0000000,      0.00, 0, 0, 0, 0
Dose, 2018,  8, 15, 13, 46,  0,    0.0000000,     0.0000000,      0.00, 0, 0, 0, 0
Dose, 2018,  8, 15, 13, 46, 10,    0.0000000,     0.0000000,      0.00, 0, 0, 0, 0
Dose, 2018,  8, 15, 13, 46, 20,    0.0000000,     0.0000000,      0.00, 0, 0, 0, 0
Dose, 2018,  8, 15, 13, 46, 30,    0.0000000,     0.0000000,      0.00, 0, 0, 0, 0
Dose, 2018,  8, 15, 13, 46, 40,    0.0000000,     0.0000000,      0.00, 0, 0, 0, 0
Dose, 2018,  8, 15, 13, 46, 50,    0.0000000,     0.0000000,      0.00, 0, 0, 0, 0
Dose, 2018,  8, 15, 13, 47,  0,    0.0000000,     0.0000000,      0.00, 0, 0, 0, 0
Dose, 2018,  8, 15, 13, 47, 10,    0.0000000,     0.0000000,      0.00, 0, 0, 0, 0
Dose, 2018,  8, 15, 13, 47, 20,    0.0000000,     0.0000000,      0.00, 0, 0, 0, 0
Dose, 2018,  8, 15, 13, 47, 30,    0.0000000,     0.0000000,      0.00, 0, 0, 0, 0
Dose, 2018,  8, 15, 13, 47, 40,    0.0000000,     0.0000000,      0.00, 0, 0, 0, 0
Dose, 2018,  8, 15, 13, 47, 50,    0.0000000,     0.0000000,      0.00, 0, 0, 0, 0
Dose, 2018,  8, 15, 13, 48,  0,    0.0000000,     0.0000000,      0.00, 0, 0, 0, 0
Dose, 2018,  8, 15, 13, 48, 10,    0.0000000,     0.0000000,      0.00, 0, 0, 0, 0
Dose, 2018,  8, 15, 13, 48, 20,    0.0000000,     0.0000000,      0.00, 0, 0, 0, 0
Dose, 2018,  8, 15, 13, 48, 30,    0.0000000,     0.0000000,      0.00, 0, 0, 0, 0
Dose, 2018,  8, 15, 13, 48, 40,    0.0000000,     0.0000000,      0.00, 0, 0, 0, 0
Dose, 2018,  8, 15, 13, 48, 50,    0.0000000,     0.0000000,      0.00, 0, 0, 0, 0
Dose, 2018,  8, 15, 13, 49,  0,    0.0000000,     0.0000000,      0.00, 0, 0, 0, 0
Dose, 2018,  8, 15, 13, 49, 10,    0.0000000,     0.0000000,      0.00, 0, 0, 0, 0
Dose, 2018,  8, 15, 13, 49, 20,    0.0000000,     0.0000000,      0.00, 0, 0, 0, 0
Dose, 2018,  8, 15, 13, 49, 30,    0.0000000,     0.0000000,      0.00, 0, 0, 0, 0
Dose, 2018,  8, 15, 13, 49, 40,    0.0000000,     0.0000000,      0.00, 0, 0, 0, 0
Dose, 2018,  8, 15, 13, 49, 50,    0.0000000,     0.0000000,      0.00, 0, 0, 0, 0
Dose, 2018,  8, 15, 13, 50,  0,    0.0000000,     0.0000000,      0.00, 0, 0, 0, 0
Dose, 2018,  8, 15, 13, 50, 10,    0.0000000,     0.0000000,      0.00, 0, 0, 0, 0
Dose, 2018,  8, 15, 13, 50, 20,    0.0000000,     0.0000000,      0.00, 0, 0, 0, 0
Dose, 2018,  8, 15, 13, 50, 30,    0.0000000,     0.0000000,      0.00, 0, 0, 0, 0
Dose, 2018,  8, 15, 13, 50, 40,    0.0000000,     0.0000000,      0.00, 0, 0, 0, 0
Dose, 2018,  8, 15, 13, 50, 50,    0.0000000,     0.0000000,      0.00, 0, 0, 0, 0
Dose, 2018,  8, 15, 13, 51,  0,    0.0000000,     0.0000000,      0.00, 0, 0, 0, 0
Dose, 2018,  8, 15, 13, 51, 10,    0.0000000,     0.0000000,      0.00, 0, 0, 0, 0
Dose, 2018,  8, 15, 13, 51, 20,    0.0000000,     0.0000000,      0.00, 0, 0, 0, 0
Dose, 2018,  8, 15, 13, 51, 30,    0.0000000,     0.0000000,      0.00, 0, 0, 0, 0
Dose, 2018,  8, 15, 13, 51, 40,    0.0000000,     0.0000000,      0.00, 0, 0, 0, 0
Dose, 2018,  8, 15, 13, 51, 50,    0.0000000,     0.0000000,      0.00, 0, 0, 0, 0
Dose, 2018,  8, 15, 13, 52,  0,    0.0000000,     0.0000000,      0.00, 0, 0, 0, 0
Dose, 2018,  8, 15, 13, 52, 10,    0.0000000,     0.0000000,      0.00, 0, 0, 0, 0
Dose, 2018,  8, 15, 13, 52, 20,    0.0000000,     0.0000000,      0.00, 0, 0, 0, 0
Dose, 2018,  8, 15, 13, 52, 30,    0.0000000,     0.0000000,      0.00, 0, 0, 0, 0
Dose, 2018,  8, 15, 13, 52, 40,    0.0000000,     0.0000000,      0.00, 0, 0, 0, 0
Dose, 2018,  8, 15, 13, 52, 50,    0.0000000,     0.0000000,      0.00, 0, 0, 0, 0
Dose, 2018,  8, 15, 13, 53,  0,    0.0000000,     0.0000000,      0.00, 0, 0, 0, 0
Dose, 2018,  8, 15, 13, 53, 10,    0.0000000,     0.0000000,      0.00, 0, 0, 0, 0
Dose, 2018,  8, 15, 13, 53, 20,    0.0000000,     0.0000000,      0.00, 0, 0, 0, 0
Dose, 2018,  8, 15, 13, 53, 30,    0.0000000,     0.0000000,      0.00, 0, 0, 0, 0
Dose, 2018,  8, 15, 13, 53, 40,    0.0000000,     0.0000000,      0.00, 0, 0, 0, 0
Dose, 2018,  8, 15, 13, 53, 50,    0.0000000,     0.0000000,      0.00, 0, 0, 0, 0
Dose, 2018,  8, 15, 13, 54,  0,    0.0000000,     0.0000000,      0.00, 0, 0, 0, 0
Dose, 2018,  8, 15, 13, 54, 10,    0.0000000,     0.0000000,      0.00, 0, 0, 0, 0
Dose, 2018,  8, 15, 13, 54, 20,    0.0000000,     0.0000000,      0.00, 0, 0, 0, 0
Dose, 2018,  8, 15, 13, 54, 30,    0.0000000,     0.0000000,      0.00, 0, 0, 0, 0
Dose, 2018,  8, 15, 13, 54, 40,    0.0000000,     0.0000000,      0.00, 0, 0, 0, 0
Dose, 2018,  8, 15, 13, 54, 50,    0.0000000,     0.0000000,      0.00, 0, 0, 0, 0
Dose, 2018,  8, 15, 13, 55,  0,    0.0000000,     0.0000000,      0.00, 0, 0, 0, 0
Dose, 2018,  8, 15, 13, 55, 10,    0.0000000,     0.0000000,      0.00, 0, 0, 0, 0
Dose, 2018,  8, 15, 13, 55, 20,    0.0000000,     0.0000000,      0.00, 0, 0, 0, 0
Dose, 2018,  8, 15, 13, 55, 30,    0.0000000,     0.0000000,      0.00, 0, 0, 0, 0
Dose, 2018,  8, 15, 13, 55, 40,    0.0000000,     0.0000000,      0.00, 0, 0, 0, 0
Dose, 2018,  8, 15, 13, 55, 50,    0.0000000,     0.0000000,      0.00, 0, 0, 0, 0
Dose, 2018,  8, 15, 13, 56,  0,    0.0000000,     0.0000000,      0.00, 0, 0, 0, 0
Dose, 2018,  8, 15, 13, 56, 10,    0.0000000,     0.0000000,      0.00, 0, 0, 0, 0
Dose, 2018,  8, 15, 13, 56, 20,    0.0000000,     0.0000000,      0.00, 0, 0, 0, 0
Dose, 2018,  8, 15, 13, 56, 30,    0.0000000,     0.0000000,      0.00, 0, 0, 0, 0
Dose, 2018,  8, 15, 13, 56, 40,    0.0000000,     0.0000000,      0.00, 0, 0, 0, 0
Dose, 2018,  8, 15, 13, 56, 50,    0.0000000,     0.0000000,      0.00, 0, 0, 0, 0
Dose, 2018,  8, 15, 13, 57,  0,    0.0000000,     0.0000000,      0.00, 0, 0, 0, 0
Dose, 2018,  8, 15, 13, 57, 10,    0.0000000,     0.0000000,      0.00, 0, 0, 0, 0
Dose, 2018,  8, 15, 13, 57, 20,    0.0000000,     0.0000000,      0.00, 0, 0, 0, 0
Dose, 2018,  8, 15, 13, 57, 30,    0.0000000,     0.0000000,      0.00, 0, 0, 0, 0
Dose, 2018,  8, 15, 13, 57, 40,    0.0000000,     0.0000000,      0.00, 0, 0, 0, 0
Dose, 2018,  8, 15, 13, 57, 50,    0.0000000,     0.0000000,      0.00, 0, 0, 0, 0
Dose, 2018,  8, 15, 13, 58,  0,    0.0000000,     0.0000000,      0.00, 0, 0, 0, 0
Dose, 2018,  8, 15, 13, 58, 10,    0.0000000,     0.0000000,      0.00, 0, 0, 0, 0
Dose, 2018,  8, 15, 13, 58, 20,    0.0000000,     0.0000000,      0.00, 0, 0, 0, 0
Dose, 2018,  8, 15, 13, 58, 30,    0.0000000,     0.0000000,      0.00, 0, 0, 0, 0
Dose, 2018,  8, 15, 13, 58, 40,    0.0000000,     0.0000000,      0.00, 0, 0, 0, 0
Dose, 2018,  8, 15, 13, 58, 50,    0.0000000,     0.0000000,      0.00, 0, 0, 0, 0
Dose, 2018,  8, 15, 13, 59,  0,    0.0000000,     0.0000000,      0.00, 0, 0, 0, 0
Dose, 2018,  8, 15, 13, 59, 10,    0.0000000,     0.0000000,      0.00, 0, 0, 0, 0
Dose, 2018,  8, 15, 13, 59, 20,    0.0000000,     0.0000000,      0.00, 0, 0, 0, 0
Dose, 2018,  8, 15, 13, 59, 30,    0.0000000,     0.0000000,      0.00, 0, 0, 0, 0
Dose, 2018,  8, 15, 13, 59, 40,    0.0000000,     0.0000000,      0.00, 0, 0, 0, 0
Dose, 2018,  8, 15, 13, 59, 50,    0.0000000,     0.0000000,      0.00, 0, 0, 0, 0
Dose, 2018,  8, 15, 14,  0,  0,    0.0000000,     0.0000000,      0.00, 0, 0, 0, 0
Dose, 2018,  8, 15, 14,  0, 10,    0.0000000,     0.0000000,      0.00, 0, 0, 0, 0
Dose, 2018,  8, 15, 14,  0, 20,    0.0000000,     0.0000000,      0.00, 0, 0, 0, 0
Dose, 2018,  8, 15, 14,  0, 30,    0.0000000,     0.0000000,      0.00, 0, 0, 0, 0
Dose, 2018,  8, 15, 14,  0, 40,    0.0000000,     0.0000000,      0.00, 0, 0, 0, 0
Dose, 2018,  8, 15, 14,  0, 50,    0.0000000,     0.0000000,      0.00, 0, 0, 0, 0
Dose, 2018,  8, 15, 14,  1,  0,    0.0000000,     0.0000000,      0.00, 0, 0, 0, 0
Dose, 2018,  8, 15, 14,  1, 10,    0.0000000,     0.0000000,      0.00, 0, 0, 0, 0
Dose, 2018,  8, 15, 14,  1, 20,    0.0000000,     0.0000000,      0.00, 0, 0, 0, 0
Dose, 2018,  8, 15, 14,  1, 30,    0.0000000,     0.0000000,      0.00, 0, 0, 0, 0
Dose, 2018,  8, 15, 14,  1, 40,    0.0000000,     0.0000000,      0.00, 0, 0, 0, 0
Dose, 2018,  8, 15, 14,  1, 50,    0.0000000,     0.0000000,      0.00, 0, 0, 0, 0
Dose, 2018,  8, 15, 14,  2,  0,    0.0000000,     0.0000000,      0.00, 0, 0, 0, 0
Dose, 2018,  8, 15, 14,  2, 10,    0.0000000,     0.0000000,      0.00, 0, 0, 0, 0
Dose, 2018,  8, 15, 14,  2, 20,    0.0000000,     0.0000000,      0.00, 0, 0, 0, 0
Dose, 2018,  8, 15, 14,  2, 30,    0.0000000,     0.0000000,      0.00, 0, 0, 0, 0
Dose, 2018,  8, 15, 14,  2, 40,    0.0000000,     0.0000000,      0.00, 0, 0, 0, 0
Dose, 2018,  8, 15, 14,  2, 50,    0.0000000,     0.0000000,      0.00, 0, 0, 0, 0
Dose, 2018,  8, 15, 14,  3,  0,    0.0000000,     0.0000000,      0.00, 0, 0, 0, 0
Dose, 2018,  8, 15, 14,  3, 10,    0.0000000,     0.0000000,      0.00, 0, 0, 0, 0
Dose, 2018,  8, 15, 14,  3, 20,    0.0000000,     0.0000000,      0.00, 0, 0, 0, 0
Dose, 2018,  8, 15, 14,  3, 30,    0.0000000,     0.0000000,      0.00, 0, 0, 0, 0
Dose, 2018,  8, 15, 14,  3, 40,    0.0000000,     0.0000000,      0.00, 0, 0, 0, 0
Dose, 2018,  8, 15, 14,  3, 50,    0.0000000,     0.0000000,      0.00, 0, 0, 0, 0
Dose, 2018,  8, 15, 14,  4,  0,    0.0000000,     0.0000000,      0.00, 0, 0, 0, 0
Dose, 2018,  8, 15, 14,  4, 10,    0.0000000,     0.0000000,      0.00, 0, 0, 0, 0
Dose, 2018,  8, 15, 14,  4, 20,    0.0000000,     0.0000000,      0.00, 0, 0, 0, 0
Dose, 2018,  8, 15, 14,  4, 30,    0.0000000,     0.0000000,      0.00, 0, 0, 0, 0
Dose, 2018,  8, 15, 14,  4, 40,    0.0000000,     0.0000000,      0.00, 0, 0, 0, 0
Dose, 2018,  8, 15, 14,  4, 50,    0.0000000,     0.0000000,      0.00, 0, 0, 0, 0
Dose, 2018,  8, 15, 14,  5,  0,    0.0000000,     0.0000000,      0.00, 0, 0, 0, 0
Dose, 2018,  8, 15, 14,  5, 10,    0.0000000,     0.0000000,      0.00, 0, 0, 0, 0
Dose, 2018,  8, 15, 14,  5, 20,    0.0000000,     0.0000000,      0.00, 0, 0, 0, 0
Dose, 2018,  8, 15, 14,  5, 30,    0.0000000,     0.0000000,      0.00, 0, 0, 0, 0
Dose, 2018,  8, 15, 14,  5, 40,    0.0000000,     0.0000000,      0.00, 0, 0, 0, 0
Dose, 2018,  8, 15, 14,  5, 50,    0.0000000,     0.0000000,      0.00, 0, 0, 0, 0
Dose, 2018,  8, 15, 14,  6,  0,    0.0000000,     0.0000000,      0.00, 0, 0, 0, 0
Dose, 2018,  8, 15, 14,  6, 10,    0.0000000,     0.0000000,      0.00, 0, 0, 0, 0
Dose, 2018,  8, 15, 14,  6, 20,    0.0000000,     0.0000000,      0.00, 0, 0, 0, 0
Dose, 2018,  8, 15, 14,  6, 30,    0.0000000,     0.0000000,      0.00, 0, 0, 0, 0
Dose, 2018,  8, 15, 14,  6, 40,    0.0000000,     0.0000000,      0.00, 0, 0, 0, 0
Dose, 2018,  8, 15, 14,  6, 50,    0.0000000,     0.0000000,      0.00, 0, 0, 0, 0
Dose, 2018,  8, 15, 14,  7,  0,    0.0000000,     0.0000000,      0.00, 0, 0, 0, 0
Dose, 2018,  8, 15, 14,  7, 10,    0.0000000,     0.0000000,      0.00, 0, 0, 0, 0
Dose, 2018,  8, 15, 14,  7, 20,    0.0000000,     0.0000000,      0.00, 0, 0, 0, 0
Dose, 2018,  8, 15, 14,  7, 30,    0.0000000,     0.0000000,      0.00, 0, 0, 0, 0
Dose, 2018,  8, 15, 14,  7, 40,    0.0000000,     0.0000000,      0.00, 0, 0, 0, 0
Dose, 2018,  8, 15, 14,  7, 50,    0.0000000,     0.0000000,      0.00, 0, 0, 0, 0
Dose, 2018,  8, 15, 14,  8,  0,    0.0000000,     0.0000000,      0.00, 0, 0, 0, 0
Dose, 2018,  8, 15, 14,  8, 10,    0.0000000,     0.0000000,      0.00, 0, 0, 0, 0
Dose, 2018,  8, 15, 14,  8, 20,    0.0000000,     0.0000000,      0.00, 0, 0, 0, 0
Dose, 2018,  8, 15, 14,  8, 30,    0.0000000,     0.0000000,      0.00, 0, 0, 0, 0
Dose, 2018,  8, 15, 14,  8, 40,    0.0000000,     0.0000000,      0.00, 0, 0, 0, 0
Dose, 2018,  8, 15, 14,  8, 50,    0.0000000,     0.0000000,      0.00, 0, 0, 0, 0
Dose, 2018,  8, 15, 14,  9,  0,    0.0000000,     0.0000000,      0.00, 0, 0, 0, 0
