PPAA 55188 /////
44385 02508 01518 35020 44340 35022 33529 33028 44320 30526
28545 28551
77999

PPBB 55188 /////
21212 00979 27003 11831 01010 22807 02017 33771 00522 44769
00522 55727 02020 66594 36018 77594 36018 88592 36018 99592
36018 11591 36019 22591 36019 33580 36018 44580 36019 55533
36020 66532 36020 77477 34026 88397 35023 99343 33524 11232
32526 22222 33032 33214 32538 44203 30528 55198 31525 66196
31527 77177 30045 88168 28040 99161 29047 11140 27541 22107
28047

PPCC 55188 /////
44370 27569 27077 27087 44220 26110 27129
77076 27648 41213

PPDD 55188 /////
21212 11100 28551 22851 27061 33762 28066 44600 26573 55518
27073 66461 26588 77298 27087 88255 26612 99198 26111 11114
27120 22076 27648 33065 28139
