TTAA 55181 /////
99979 06459 27003 00029 ///// ///// 92660 00057 10003 85331
05330 02508 70859 06914 01518 50540 22933 35020 40700 34341
35022 30894 51956 33529 25009 61345 33028 20148 61366 30526
15330 54574 28545 10588 56578 28551
88245 62556 33030
77999
31313 40708 81801

TTBB 55188 /////
00979 06459 11979 03858 22977 03058 33968 02057 44874 03557
55848 05528 66847 05527 77838 05956 88796 05719 99791 02702
11784 02501 22779 02505 33536 20522 44450 27139 55275 57156
66263 59757 77249 61744 88245 62556 99239 60759 11221 62564
22219 62964 33215 60566 44209 59965 55195 61969 66192 59969
77186 59769 88174 56373 99172 55773 11166 56972 22162 54174
33144 53975 44136 55976 55124 54777 66121 55977 77107 55578
21212 11979 27003 22831 01010 33807 02017 44771 00522 55769
00522 66727 02020 77594 36018 88594 36018 99592 36018 11592
36018 22591 36019 33591 36019 44580 36018 55580 36019 66533
36020 77532 36020 88477 34026 99397 35023 11343 33524 22232
32526 33222 33032 44214 32538 55203 30528 66198 31525 77196
31527 88177 30045 99168 28040 11161 29047 22140 27541 33107
28047
31313 40708 81801
41414 /////
51515 77057 02909 00522 60044 14714 00519

TTCC 55181 /////
70813 59576 27569 50021 63574 27077 30330 71368 27087 20568
75164 26110 10970 70966 27129
88302 71568 27087
77076 27648 41213
31313 40708 81801

TTDD 5518/ /////
11461 63373 22299 71768 33160 77967 44122 75768 55108 70570
66101 71966 77065 62980
21212 11100 28551 22851 27061 33762 28066 44600 26573 55518
27073 66461 26588 77298 27087 88255 26612 99198 26111 11114
27120 22076 27648 33065 28139
31313 40708 81801
