PPAA 51158 /////
44385 30019 29052 31071 44340 30079 30617 29603 44320 29573
29066 28594
77999

PPBB 51158 /////
21212 00968 00507 11875 30010 22825 31026 33781 30022 44712
29051 55702 29052 66656 30547 77554 30549 88486 31073 99462
31076 11402 30579 22362 30113 33332 30622 44235 29604 55214
29573 66168 28572 77142 29564 88130 30069

PPCC 51158 /////
44370 27097 27589 27630 44220 27168 26634
77190 27170 41518 77814 27617 42820

PPDD 51158 /////
21212 11814 27617 22717 27100 33590 27086 44555 28097 55416
28089 66406 28100 77373 28583 88307 27629 99204 27166 11190
27170 22125 27164 33090 27124 44063 27143
