TTAA 51151 /////
99968 06858 00507 00563 ///// ///// 92577 05860 26505 85261
00356 30019 70791 07957 29052 50531 27147 31071 40688 38936
30079 30881 50350 30617 25998 56759 29603 20139 57361 29573
15321 57161 29066 10573 60563 28594
88238 58559 29605 88107 63562 28585
77999
31313 40708 81447

TTBB 51158 /////
00968 06858 11933 06460 22841 01156 33763 05533 44762 05533
55676 09357 66673 09757 77527 25325 88526 25325 99454 31734
11404 38536 22357 41938 33295 51549 44235 58759 55215 55960
66178 59561 77172 57362 88171 57561 99169 55761 11164 54962
22131 60962 33106 63562 44100 60363
21212 11968 00507 22875 30010 33825 31026 44781 30022 55712
29051 66702 29052 77656 30547 88554 30549 99486 31073 11462
31076 22402 30579 33362 30113 44332 30622 55235 29604 66214
29573 77168 28572 88142 29564 99130 30069
31313 40708 81447
41414 /////
51515 77995 04734 30025 60969 16950 30549

TTCC 51151 /////
70799 51966 27097 50013 59567 27589 30327 63969 27630 20580
52377 27168 10042 43380 26634
88423 64569 28093
77190 27170 41518 77814 27617 42820
31313 40708 81447

TTDD 5115/ /////
11885 58564 22844 54565 33757 55766 44703 51966 55423 64569
66401 60968 77337 65969 88296 63568 99255 67369 11238 64780
22222 52180 33157 51378 44152 49579 55151 43782 66146 40383
77134 44980 88121 38583 99099 43979 11081 42380 22076 45379
33070 43580 44071 37784 55070 35785 66063 38383
21212 11814 27617 22717 27100 33590 27086 44555 28097 55416
28089 66406 28100 77373 28583 88307 27629 99204 27166 11190
27170 22125 27164 33090 27124 44063 27143
31313 40708 81447
