TTCC 51151 /////
70799 51966 27097 50013 59567 27589 30327 63969 27630 20580
52377 27168 10042 43380 26634
88423 64569 28093
77190 27170 41518 77814 27617 42820
31313 40708 81447

TTDD 5115/ /////
11885 58564 22844 54565 33757 55766 44703 51966 55423 64569
66401 60968 77337 65969 88296 63568 99255 67369 11238 64780
22222 52180 33157 51378 44152 49579 55151 43782 66146 40383
77134 44980 88121 38583 99099 43979 11081 42380 22076 45379
33070 43580 44071 37784 55070 35785 66063 38383
21212 11814 27617 22717 27100 33590 27086 44555 28097 55416
28089 66406 28100 77373 28583 88307 27629 99204 27166 11190
27170 22125 27164 33090 27124 44063 27143
31313 40708 81447
