TTAA 66111 /////
99974 00445 09006 00508 ///// ///// 92631 04258 26517 85303
00756 29019 70832 08950 27551 50534 27760 27549 40689 40942
26556 30876 54963 27065 25991 58969 26569 20129 61165 26569
15306 63773 26085 10552 68770 26101
88203 61964 26569
77999
31313 40708 81054

TTBB 66118 /////
00974 00445 11968 05057 22950 06458 33941 05658 44837 01756
55813 01756 66749 06934 77730 06556 88596 18333 99563 21158
11555 21568 22530 23771 33524 24564 44518 25360 55432 36739
66320 54550 77317 54550 88295 54965 99292 54765 11251 58969
22247 58370 33232 58167 44203 61964 55180 59971 66145 64773
77113 65170 88100 68772
21212 11974 09006 22953 26010 33896 26528 44875 26026 55831
30520 66821 29521 77804 28527 88724 27048 99684 27055 11560
27551 22439 27039 33418 26548 44369 27063 55328 28062 66242
26566 77216 26079 88212 26078 99201 26568 11179 26086
31313 40708 81054
41414 /////
51515 77038 04746 28037 60003 17935 27052

TTCC 66117 /////
70766 66973 26611
88946 69571 26100
77739 26615 41612
31313 40708 81054

TTDD 6611/ /////
11905 68972 22862 65372 33520 66179
21212 11739 26615 22520 26607
31313 40708 81054
