Sample#,Date+Time,DateTime,Fl Sec,Az,El,Press,TAir,Hum,Lat,Long,Alt,Freq,RSSI,F Offs,Az Tr Offs,El Tr Offs,Sys V,Sys I,Az I,El I,MCU Stat,Rx Stat,SCA Stat,POST,SAA BIT,Rx BIT,MCU BIT,SCA BIT,CDU1 BIT,CDU2 BIT,State,Flags,THum
0,2017-08-03 13:07:13,42950.5466840,999999999.0000000,999999999.000,999999999.000,8.420,-66.850,2.690,-50.372341,-67.537933,29579.00,999999999.000,999999999,999999999,999999999,999999999,999999999,999999999,999999999,999999999,999999999,999999999,999999999,9999999999,999999999,999999999,999999999,999999999,999999999,999999999,0,2098952,-66.85
1,2017-08-03 13:07:14,42950.5466956,999999999.0000000,999999999.000,999999999.000,8.420,-66.990,2.650,-50.372520,-67.536919,29588.00,999999999.000,999999999,999999999,999999999,999999999,999999999,999999999,999999999,999999999,999999999,999999999,999999999,9999999999,999999999,999999999,999999999,999999999,999999999,999999999,1,2098952,-66.99
2,2017-08-03 13:07:15,42950.5467072,999999999.0000000,999999999.000,999999999.000,8.420,-67.140,2.690,-50.372677,-67.535873,29598.00,999999999.000,999999999,999999999,999999999,999999999,999999999,999999999,999999999,999999999,999999999,999999999,999999999,9999999999,999999999,999999999,999999999,999999999,999999999,999999999,1,2098952,-67.14
3,2017-08-03 13:07:16,42950.5467188,999999999.0000000,999999999.000,999999999.000,8.380,-67.190,2.700,-50.372814,-67.534821,29606.00,999999999.000,999999999,999999999,999999999,999999999,999999999,999999999,999999999,999999999,999999999,999999999,999999999,9999999999,999999999,999999999,999999999,999999999,999999999,999999999,1,2098952,-67.19
4,2017-08-03 13:07:17,42950.5467303,999999999.0000000,999999999.000,999999999.000,8.380,-67.140,2.620,-50.372932,-67.533737,29614.00,999999999.000,999999999,999999999,999999999,999999999,999999999,999999999,999999999,999999999,999999999,999999999,999999999,9999999999,999999999,999999999,999999999,999999999,999999999,999999999,1,2098952,-67.14
5,2017-08-03 13:07:18,42950.5467419,999999999.0000000,999999999.000,999999999.000,8.380,-67.140,2.680,-50.373055,-67.532646,29622.00,999999999.000,999999999,999999999,999999999,999999999,999999999,999999999,999999999,999999999,999999999,999999999,999999999,9999999999,999999999,999999999,999999999,999999999,999999999,999999999,1,2098952,-67.14
6,2017-08-03 13:07:19,42950.5467535,999999999.0000000,999999999.000,999999999.000,8.330,-67.390,2.710,-50.373192,-67.531578,29632.00,999999999.000,999999999,999999999,999999999,999999999,999999999,999999999,999999999,999999999,999999999,999999999,999999999,9999999999,999999999,999999999,999999999,999999999,999999999,999999999,1,2098952,-67.39
7,2017-08-03 13:07:20,42950.5467650,999999999.0000000,999999999.000,999999999.000,8.350,-67.570,2.740,-50.373356,-67.530533,29642.00,999999999.000,999999999,999999999,999999999,999999999,999999999,999999999,999999999,999999999,999999999,999999999,999999999,9999999999,999999999,999999999,999999999,999999999,999999999,999999999,1,2098952,-67.57
8,2017-08-03 13:07:21,42950.5467766,999999999.0000000,999999999.000,999999999.000,8.330,-67.580,2.840,-50.373539,-67.529518,29650.00,999999999.000,999999999,999999999,999999999,999999999,999999999,999999999,999999999,999999999,999999999,999999999,999999999,9999999999,999999999,999999999,999999999,999999999,999999999,999999999,1,2098952,-67.58
9,2017-08-03 13:07:22,42950.5467882,999999999.0000000,999999999.000,999999999.000,8.300,-67.590,2.680,-50.373745,-67.528511,29658.00,999999999.000,999999999,999999999,999999999,999999999,999999999,999999999,999999999,999999999,999999999,999999999,999999999,9999999999,999999999,999999999,999999999,999999999,999999999,999999999,1,2098952,-67.59
10,2017-08-03 13:07:23,42950.5467998,999999999.0000000,999999999.000,999999999.000,8.290,-67.590,2.710,-50.373940,-67.527512,29668.00,999999999.000,999999999,999999999,999999999,999999999,999999999,999999999,999999999,999999999,999999999,999999999,999999999,9999999999,999999999,999999999,999999999,999999999,999999999,999999999,1,2098952,-67.59
11,2017-08-03 13:07:24,42950.5468113,999999999.0000000,999999999.000,999999999.000,8.290,-67.700,2.770,-50.374115,-67.526482,29677.00,999999999.000,999999999,999999999,999999999,999999999,999999999,999999999,999999999,999999999,999999999,999999999,999999999,9999999999,999999999,999999999,999999999,999999999,999999999,999999999,1,2098952,-67.70
12,2017-08-03 13:07:25,42950.5468229,999999999.0000000,999999999.000,999999999.000,8.240,-67.720,2.770,-50.374256,-67.525421,29685.00,999999999.000,999999999,999999999,999999999,999999999,999999999,999999999,999999999,999999999,999999999,999999999,999999999,9999999999,999999999,999999999,999999999,999999999,999999999,999999999,1,2098952,-67.72
13,2017-08-03 13:07:26,42950.5468345,999999999.0000000,999999999.000,999999999.000,8.250,-67.710,2.710,-50.374371,-67.524345,29692.00,999999999.000,999999999,999999999,999999999,999999999,999999999,999999999,999999999,999999999,999999999,999999999,999999999,9999999999,999999999,999999999,999999999,999999999,999999999,999999999,1,2098952,-67.71
14,2017-08-03 13:07:27,42950.5468461,999999999.0000000,999999999.000,999999999.000,8.230,-67.810,2.790,-50.374474,-67.523270,29700.00,999999999.000,999999999,999999999,999999999,999999999,999999999,999999999,999999999,999999999,999999999,999999999,999999999,9999999999,999999999,999999999,999999999,999999999,999999999,999999999,3,2098952,-67.81
15,2017-08-03 13:07:28,42950.5468576,999999999.0000000,999999999.000,999999999.000,8.240,-67.930,2.780,-50.374596,-67.522202,29709.00,999999999.000,999999999,999999999,999999999,999999999,999999999,999999999,999999999,999999999,999999999,999999999,999999999,9999999999,999999999,999999999,999999999,999999999,999999999,999999999,3,2098952,-67.93
16,2017-08-03 13:07:29,42950.5468692,999999999.0000000,999999999.000,999999999.000,999999999.000,999999999.000,999999999.000,999999999.000000,999999999.000000,999999999.00,999999999.000,999999999,999999999,999999999,999999999,999999999,999999999,999999999,999999999,999999999,999999999,999999999,9999999999,999999999,999999999,999999999,999999999,999999999,999999999,3,0,999999999.00
17,2017-08-03 13:07:30,42950.5468808,999999999.0000000,999999999.000,999999999.000,8.190,-68.040,2.870,-50.374939,-67.520203,29724.00,999999999.000,999999999,999999999,999999999,999999999,999999999,999999999,999999999,999999999,999999999,999999999,999999999,9999999999,999999999,999999999,999999999,999999999,999999999,999999999,3,2098952,-68.04
18,2017-08-03 13:07:31,42950.5468924,999999999.0000000,999999999.000,999999999.000,8.180,-68.050,2.750,-50.375153,-67.519257,29731.00,999999999.000,999999999,999999999,999999999,999999999,999999999,999999999,999999999,999999999,999999999,999999999,999999999,9999999999,999999999,999999999,999999999,999999999,999999999,999999999,3,2098952,-68.05
19,2017-08-03 13:07:32,42950.5469039,999999999.0000000,999999999.000,999999999.000,8.160,-68.070,2.840,-50.375355,-67.518303,29740.00,999999999.000,999999999,999999999,999999999,999999999,999999999,999999999,999999999,999999999,999999999,999999999,999999999,9999999999,999999999,999999999,999999999,999999999,999999999,999999999,3,2098952,-68.07
20,2017-08-03 13:07:33,42950.5469155,999999999.0000000,999999999.000,999999999.000,999999999.000,999999999.000,999999999.000,999999999.000000,999999999.000000,999999999.00,999999999.000,999999999,999999999,999999999,999999999,999999999,999999999,999999999,999999999,999999999,999999999,999999999,9999999999,999999999,999999999,999999999,999999999,999999999,999999999,3,0,999999999.00
21,2017-08-03 13:07:34,42950.5469271,999999999.0000000,999999999.000,999999999.000,8.140,-68.050,2.840,-50.375668,-67.516289,29755.00,999999999.000,999999999,999999999,999999999,999999999,999999999,999999999,999999999,999999999,999999999,999999999,999999999,9999999999,999999999,999999999,999999999,999999999,999999999,999999999,3,2098952,-68.05
22,2017-08-03 13:07:35,42950.5469387,999999999.0000000,999999999.000,999999999.000,8.100,-68.060,2.780,-50.375793,-67.515221,29760.00,999999999.000,999999999,999999999,999999999,999999999,999999999,999999999,999999999,999999999,999999999,999999999,999999999,9999999999,999999999,999999999,999999999,999999999,999999999,999999999,3,2098952,-68.06
23,2017-08-03 13:07:36,42950.5469502,999999999.0000000,999999999.000,999999999.000,8.100,-68.000,2.860,-50.375919,-67.514137,29767.00,999999999.000,999999999,999999999,999999999,999999999,999999999,999999999,999999999,999999999,999999999,999999999,999999999,9999999999,999999999,999999999,999999999,999999999,999999999,999999999,3,2098952,-68.00
24,2017-08-03 13:07:37,42950.5469618,999999999.0000000,999999999.000,999999999.000,8.110,-68.180,2.870,-50.376072,-67.513092,29775.00,999999999.000,999999999,999999999,999999999,999999999,999999999,999999999,999999999,999999999,999999999,999999999,999999999,9999999999,999999999,999999999,999999999,999999999,999999999,999999999,3,2098952,-68.18
25,2017-08-03 13:07:38,42950.5469734,999999999.0000000,999999999.000,999999999.000,8.130,-68.170,2.860,-50.376247,-67.512093,29782.00,999999999.000,999999999,999999999,999999999,999999999,999999999,999999999,999999999,999999999,999999999,999999999,999999999,9999999999,999999999,999999999,999999999,999999999,999999999,999999999,3,2098952,-68.17
26,2017-08-03 13:07:39,42950.5469850,999999999.0000000,999999999.000,999999999.000,8.130,-68.080,2.880,-50.376438,-67.511139,29787.00,999999999.000,999999999,999999999,999999999,999999999,999999999,999999999,999999999,999999999,999999999,999999999,999999999,9999999999,999999999,999999999,999999999,999999999,999999999,999999999,3,2098952,-68.08
27,2017-08-03 13:07:40,42950.5469965,999999999.0000000,999999999.000,999999999.000,8.090,-68.070,2.750,-50.376629,-67.510216,29794.00,999999999.000,999999999,999999999,999999999,999999999,999999999,999999999,999999999,999999999,999999999,999999999,999999999,9999999999,999999999,999999999,999999999,999999999,999999999,999999999,3,2098952,-68.07
28,2017-08-03 13:07:41,42950.5470081,999999999.0000000,999999999.000,999999999.000,999999999.000,999999999.000,999999999.000,999999999.000000,999999999.000000,999999999.00,999999999.000,999999999,999999999,999999999,999999999,999999999,999999999,999999999,999999999,999999999,999999999,999999999,9999999999,999999999,999999999,999999999,999999999,999999999,999999999,3,0,999999999.00
29,2017-08-03 13:07:42,42950.5470197,999999999.0000000,999999999.000,999999999.000,8.070,-67.920,2.810,-50.376957,-67.508301,29809.00,999999999.000,999999999,999999999,999999999,999999999,999999999,999999999,999999999,999999999,999999999,999999999,999999999,9999999999,999999999,999999999,999999999,999999999,999999999,999999999,3,2098952,-67.92
30,2017-08-03 13:07:43,42950.5470313,999999999.0000000,999999999.000,999999999.000,8.060,-67.810,2.820,-50.377090,-67.507271,29814.00,999999999.000,999999999,999999999,999999999,999999999,999999999,999999999,999999999,999999999,999999999,999999999,999999999,9999999999,999999999,999999999,999999999,999999999,999999999,999999999,3,2098952,-67.81
31,2017-08-03 13:07:44,42950.5470428,999999999.0000000,999999999.000,999999999.000,8.050,-67.720,2.710,-50.377209,-67.506203,29819.00,999999999.000,999999999,999999999,999999999,999999999,999999999,999999999,999999999,999999999,999999999,999999999,999999999,9999999999,999999999,999999999,999999999,999999999,999999999,999999999,3,2098952,-67.72
32,2017-08-03 13:07:45,42950.5470544,999999999.0000000,999999999.000,999999999.000,8.060,-67.600,2.810,-50.377331,-67.505142,29826.00,999999999.000,999999999,999999999,999999999,999999999,999999999,999999999,999999999,999999999,999999999,999999999,999999999,9999999999,999999999,999999999,999999999,999999999,999999999,999999999,3,2098952,-67.60
33,2017-08-03 13:07:46,42950.5470660,999999999.0000000,999999999.000,999999999.000,8.050,-67.800,2.790,-50.377472,-67.504128,29834.00,999999999.000,999999999,999999999,999999999,999999999,999999999,999999999,999999999,999999999,999999999,999999999,999999999,9999999999,999999999,999999999,999999999,999999999,999999999,999999999,3,2098952,-67.80
34,2017-08-03 13:07:47,42950.5470775,999999999.0000000,999999999.000,999999999.000,8.050,-67.880,2.800,-50.377628,-67.503174,29839.00,999999999.000,999999999,999999999,999999999,999999999,999999999,999999999,999999999,999999999,999999999,999999999,999999999,9999999999,999999999,999999999,999999999,999999999,999999999,999999999,3,2098952,-67.88
35,2017-08-03 13:07:48,42950.5470891,999999999.0000000,999999999.000,999999999.000,8.060,-67.720,2.770,-50.377804,-67.502274,29843.00,999999999.000,999999999,999999999,999999999,999999999,999999999,999999999,999999999,999999999,999999999,999999999,999999999,9999999999,999999999,999999999,999999999,999999999,999999999,999999999,3,2098952,-67.72
36,2017-08-03 13:07:49,42950.5471007,999999999.0000000,999999999.000,999999999.000,999999999.000,999999999.000,999999999.000,999999999.000000,999999999.000000,999999999.00,999999999.000,999999999,999999999,999999999,999999999,999999999,999999999,999999999,999999999,999999999,999999999,999999999,9999999999,999999999,999999999,999999999,999999999,999999999,999999999,3,0,999999999.00
37,2017-08-03 13:07:50,42950.5471123,999999999.0000000,999999999.000,999999999.000,999999999.000,999999999.000,999999999.000,999999999.000000,999999999.000000,999999999.00,999999999.000,999999999,999999999,999999999,999999999,999999999,999999999,999999999,999999999,999999999,999999999,999999999,9999999999,999999999,999999999,999999999,999999999,999999999,999999999,3,0,999999999.00
38,2017-08-03 13:07:51,42950.5471238,999999999.0000000,999999999.000,999999999.000,8.050,-67.620,2.780,-50.378304,-67.499474,29861.00,999999999.000,999999999,999999999,999999999,999999999,999999999,999999999,999999999,999999999,999999999,999999999,999999999,9999999999,999999999,999999999,999999999,999999999,999999999,999999999,3,2098952,-67.62
39,2017-08-03 13:07:52,42950.5471354,999999999.0000000,999999999.000,999999999.000,8.000,-67.600,2.800,-50.378429,-67.498444,29865.00,999999999.000,999999999,999999999,999999999,999999999,999999999,999999999,999999999,999999999,999999999,999999999,999999999,9999999999,999999999,999999999,999999999,999999999,999999999,999999999,3,2098952,-67.60
40,2017-08-03 13:07:53,42950.5471470,999999999.0000000,999999999.000,999999999.000,8.030,-67.630,2.690,-50.378536,-67.497398,29870.00,999999999.000,999999999,999999999,999999999,999999999,999999999,999999999,999999999,999999999,999999999,999999999,999999999,9999999999,999999999,999999999,999999999,999999999,999999999,999999999,3,2098952,-67.63
41,2017-08-03 13:07:54,42950.5471586,999999999.0000000,999999999.000,999999999.000,8.000,-67.530,2.760,-50.378643,-67.496368,29877.00,999999999.000,999999999,999999999,999999999,999999999,999999999,999999999,999999999,999999999,999999999,999999999,999999999,9999999999,999999999,999999999,999999999,999999999,999999999,999999999,3,2098952,-67.53
42,2017-08-03 13:07:55,42950.5471701,999999999.0000000,999999999.000,999999999.000,8.000,-67.480,2.720,-50.378780,-67.495384,29883.00,999999999.000,999999999,999999999,999999999,999999999,999999999,999999999,999999999,999999999,999999999,999999999,999999999,9999999999,999999999,999999999,999999999,999999999,999999999,999999999,3,2098952,-67.48
43,2017-08-03 13:07:56,42950.5471817,999999999.0000000,999999999.000,999999999.000,7.990,-67.470,2.770,-50.378941,-67.494453,29887.00,999999999.000,999999999,999999999,999999999,999999999,999999999,999999999,999999999,999999999,999999999,999999999,999999999,9999999999,999999999,999999999,999999999,999999999,999999999,999999999,3,2098952,-67.47
44,2017-08-03 13:07:57,42950.5471933,999999999.0000000,999999999.000,999999999.000,7.970,-67.590,2.800,-50.379124,-67.493561,29891.00,999999999.000,999999999,999999999,999999999,999999999,999999999,999999999,999999999,999999999,999999999,999999999,999999999,9999999999,999999999,999999999,999999999,999999999,999999999,999999999,3,2098952,-67.59
45,2017-08-03 13:07:58,42950.5472049,999999999.0000000,999999999.000,999999999.000,7.970,-67.720,2.730,-50.379314,-67.492668,29897.00,999999999.000,999999999,999999999,999999999,999999999,999999999,999999999,999999999,999999999,999999999,999999999,999999999,9999999999,999999999,999999999,999999999,999999999,999999999,999999999,3,2098952,-67.72
46,2017-08-03 13:07:59,42950.5472164,999999999.0000000,999999999.000,999999999.000,7.950,-67.830,2.910,-50.379467,-67.491730,29903.00,999999999.000,999999999,999999999,999999999,999999999,999999999,999999999,999999999,999999999,999999999,999999999,999999999,9999999999,999999999,999999999,999999999,999999999,999999999,999999999,3,2098952,-67.83
47,2017-08-03 13:08:00,42950.5472280,999999999.0000000,999999999.000,999999999.000,7.950,-67.940,2.900,-50.379589,-67.490738,29907.00,999999999.000,999999999,999999999,999999999,999999999,999999999,999999999,999999999,999999999,999999999,999999999,999999999,9999999999,999999999,999999999,999999999,999999999,999999999,999999999,3,2098952,-67.94
48,2017-08-03 13:08:01,42950.5472396,999999999.0000000,999999999.000,999999999.000,7.930,-67.930,2.930,-50.379673,-67.489708,29910.00,999999999.000,999999999,999999999,999999999,999999999,999999999,999999999,999999999,999999999,999999999,999999999,999999999,9999999999,999999999,999999999,999999999,999999999,999999999,999999999,3,2098952,-67.93
49,2017-08-03 13:08:02,42950.5472512,999999999.0000000,999999999.000,999999999.000,7.940,-68.010,2.850,-50.379753,-67.488678,29915.00,999999999.000,999999999,999999999,999999999,999999999,999999999,999999999,999999999,999999999,999999999,999999999,999999999,9999999999,999999999,999999999,999999999,999999999,999999999,999999999,3,2098952,-68.01
50,2017-08-03 13:08:03,42950.5472627,999999999.0000000,999999999.000,999999999.000,999999999.000,999999999.000,999999999.000,999999999.000000,999999999.000000,999999999.00,999999999.000,999999999,999999999,999999999,999999999,999999999,999999999,999999999,999999999,999999999,999999999,999999999,9999999999,999999999,999999999,999999999,999999999,999999999,999999999,3,0,999999999.00
51,2017-08-03 13:08:04,42950.5472743,999999999.0000000,999999999.000,999999999.000,7.950,-68.100,2.960,-50.379993,-67.486771,29925.00,999999999.000,999999999,999999999,999999999,999999999,999999999,999999999,999999999,999999999,999999999,999999999,999999999,9999999999,999999999,999999999,999999999,999999999,999999999,999999999,3,2098952,-68.10
52,2017-08-03 13:08:05,42950.5472859,999999999.0000000,999999999.000,999999999.000,7.960,-67.980,2.910,-50.380165,-67.485901,29927.00,999999999.000,999999999,999999999,999999999,999999999,999999999,999999999,999999999,999999999,999999999,999999999,999999999,9999999999,999999999,999999999,999999999,999999999,999999999,999999999,3,2098952,-67.98
53,2017-08-03 13:08:06,42950.5472975,999999999.0000000,999999999.000,999999999.000,7.970,-67.960,2.910,-50.380344,-67.485054,29931.00,999999999.000,999999999,999999999,999999999,999999999,999999999,999999999,999999999,999999999,999999999,999999999,999999999,9999999999,999999999,999999999,999999999,999999999,999999999,999999999,3,2098952,-67.96
54,2017-08-03 13:08:07,42950.5473090,999999999.0000000,999999999.000,999999999.000,7.960,-67.940,2.990,-50.380493,-67.484154,29938.00,999999999.000,999999999,999999999,999999999,999999999,999999999,999999999,999999999,999999999,999999999,999999999,999999999,9999999999,999999999,999999999,999999999,999999999,999999999,999999999,3,2098952,-67.94
55,2017-08-03 13:08:08,42950.5473206,999999999.0000000,999999999.000,999999999.000,7.950,-67.840,2.940,-50.380608,-67.483208,29942.00,999999999.000,999999999,999999999,999999999,999999999,999999999,999999999,999999999,999999999,999999999,999999999,999999999,9999999999,999999999,999999999,999999999,999999999,999999999,999999999,3,2098952,-67.84
56,2017-08-03 13:08:09,42950.5473322,999999999.0000000,999999999.000,999999999.000,7.930,-67.760,2.950,-50.380695,-67.482201,29944.00,999999999.000,999999999,999999999,999999999,999999999,999999999,999999999,999999999,999999999,999999999,999999999,999999999,9999999999,999999999,999999999,999999999,999999999,999999999,999999999,3,2098952,-67.76
57,2017-08-03 13:08:10,42950.5473438,999999999.0000000,999999999.000,999999999.000,7.910,-67.600,2.980,-50.380768,-67.481186,29947.00,999999999.000,999999999,999999999,999999999,999999999,999999999,999999999,999999999,999999999,999999999,999999999,999999999,9999999999,999999999,999999999,999999999,999999999,999999999,999999999,3,2098952,-67.60
58,2017-08-03 13:08:11,42950.5473553,999999999.0000000,999999999.000,999999999.000,7.910,-67.750,2.890,-50.380867,-67.480202,29953.00,999999999.000,999999999,999999999,999999999,999999999,999999999,999999999,999999999,999999999,999999999,999999999,999999999,9999999999,999999999,999999999,999999999,999999999,999999999,999999999,3,2098952,-67.75
59,2017-08-03 13:08:12,42950.5473669,999999999.0000000,999999999.000,999999999.000,7.900,-67.810,2.940,-50.380997,-67.479271,29958.00,999999999.000,999999999,999999999,999999999,999999999,999999999,999999999,999999999,999999999,999999999,999999999,999999999,9999999999,999999999,999999999,999999999,999999999,999999999,999999999,3,2098952,-67.81
60,2017-08-03 13:08:13,42950.5473785,999999999.0000000,999999999.000,999999999.000,7.890,-67.760,2.920,-50.381165,-67.478401,29959.00,999999999.000,999999999,999999999,999999999,999999999,999999999,999999999,999999999,999999999,999999999,999999999,999999999,9999999999,999999999,999999999,999999999,999999999,999999999,999999999,3,2098952,-67.76
61,2017-08-03 13:08:14,42950.5473900,999999999.0000000,999999999.000,999999999.000,7.910,-67.620,2.860,-50.381359,-67.477562,29961.00,999999999.000,999999999,999999999,999999999,999999999,999999999,999999999,999999999,999999999,999999999,999999999,999999999,9999999999,999999999,999999999,999999999,999999999,999999999,999999999,3,2098952,-67.62
62,2017-08-03 13:08:15,42950.5474016,999999999.0000000,999999999.000,999999999.000,7.900,-67.530,2.910,-50.381542,-67.476715,29965.00,999999999.000,999999999,999999999,999999999,999999999,999999999,999999999,999999999,999999999,999999999,999999999,999999999,9999999999,999999999,999999999,999999999,999999999,999999999,999999999,3,2098952,-67.53
63,2017-08-03 13:08:16,42950.5474132,999999999.0000000,999999999.000,999999999.000,7.900,-67.400,2.820,-50.381699,-67.475838,29969.00,999999999.000,999999999,999999999,999999999,999999999,999999999,999999999,999999999,999999999,999999999,999999999,999999999,9999999999,999999999,999999999,999999999,999999999,999999999,999999999,3,2098952,-67.40
64,2017-08-03 13:08:17,42950.5474248,999999999.0000000,999999999.000,999999999.000,7.890,-67.200,2.870,-50.381832,-67.474930,29971.00,999999999.000,999999999,999999999,999999999,999999999,999999999,999999999,999999999,999999999,999999999,999999999,999999999,9999999999,999999999,999999999,999999999,999999999,999999999,999999999,3,2098952,-67.20
65,2017-08-03 13:08:18,42950.5474363,999999999.0000000,999999999.000,999999999.000,7.880,-67.160,2.830,-50.381962,-67.474030,29974.00,999999999.000,999999999,999999999,999999999,999999999,999999999,999999999,999999999,999999999,999999999,999999999,999999999,9999999999,999999999,999999999,999999999,999999999,999999999,999999999,3,2098952,-67.16
66,2017-08-03 13:08:19,42950.5474479,999999999.0000000,999999999.000,999999999.000,7.860,-67.100,2.790,-50.382114,-67.473175,29978.00,999999999.000,999999999,999999999,999999999,999999999,999999999,999999999,999999999,999999999,999999999,999999999,999999999,9999999999,999999999,999999999,999999999,999999999,999999999,999999999,3,2098952,-67.10
67,2017-08-03 13:08:20,42950.5474595,999999999.0000000,999999999.000,999999999.000,7.860,-67.140,2.730,-50.382278,-67.472351,29981.00,999999999.000,999999999,999999999,999999999,999999999,999999999,999999999,999999999,999999999,999999999,999999999,999999999,9999999999,999999999,999999999,999999999,999999999,999999999,999999999,3,2098952,-67.14
68,2017-08-03 13:08:21,42950.5474711,999999999.0000000,999999999.000,999999999.000,7.850,-66.960,2.760,-50.382446,-67.471550,29986.00,999999999.000,999999999,999999999,999999999,999999999,999999999,999999999,999999999,999999999,999999999,999999999,999999999,9999999999,999999999,999999999,999999999,999999999,999999999,999999999,3,2098952,-66.96
69,2017-08-03 13:08:22,42950.5474826,999999999.0000000,999999999.000,999999999.000,7.860,-66.830,2.670,-50.382595,-67.470711,29991.00,999999999.000,999999999,999999999,999999999,999999999,999999999,999999999,999999999,999999999,999999999,999999999,999999999,9999999999,999999999,999999999,999999999,999999999,999999999,999999999,3,2098952,-66.83
70,2017-08-03 13:08:23,42950.5474942,999999999.0000000,999999999.000,999999999.000,7.850,-66.780,2.720,-50.382725,-67.469803,29994.00,999999999.000,999999999,999999999,999999999,999999999,999999999,999999999,999999999,999999999,999999999,999999999,999999999,9999999999,999999999,999999999,999999999,999999999,999999999,999999999,3,2098952,-66.78
71,2017-08-03 13:08:24,42950.5475058,999999999.0000000,999999999.000,999999999.000,7.840,-66.720,2.710,-50.382847,-67.468834,29995.00,999999999.000,999999999,999999999,999999999,999999999,999999999,999999999,999999999,999999999,999999999,999999999,999999999,9999999999,999999999,999999999,999999999,999999999,999999999,999999999,3,2098952,-66.72
72,2017-08-03 13:08:25,42950.5475174,999999999.0000000,999999999.000,999999999.000,7.830,-66.700,2.580,-50.382969,-67.467850,30000.00,999999999.000,999999999,999999999,999999999,999999999,999999999,999999999,999999999,999999999,999999999,999999999,999999999,9999999999,999999999,999999999,999999999,999999999,999999999,999999999,3,2098952,-66.70
73,2017-08-03 13:08:26,42950.5475289,999999999.0000000,999999999.000,999999999.000,7.830,-66.660,2.630,-50.383110,-67.466934,30005.00,999999999.000,999999999,999999999,999999999,999999999,999999999,999999999,999999999,999999999,999999999,999999999,999999999,9999999999,999999999,999999999,999999999,999999999,999999999,999999999,3,2098952,-66.66
74,2017-08-03 13:08:27,42950.5475405,999999999.0000000,999999999.000,999999999.000,999999999.000,999999999.000,999999999.000,999999999.000000,999999999.000000,999999999.00,999999999.000,999999999,999999999,999999999,999999999,999999999,999999999,999999999,999999999,999999999,999999999,999999999,9999999999,999999999,999999999,999999999,999999999,999999999,999999999,3,0,999999999.00
75,2017-08-03 13:08:28,42950.5475521,999999999.0000000,999999999.000,999999999.000,7.820,-66.600,2.620,-50.383369,-67.465317,30008.00,999999999.000,999999999,999999999,999999999,999999999,999999999,999999999,999999999,999999999,999999999,999999999,999999999,9999999999,999999999,999999999,999999999,999999999,999999999,999999999,3,2098952,-66.60
76,2017-08-03 13:08:29,42950.5475637,999999999.0000000,999999999.000,999999999.000,7.820,-66.600,2.560,-50.383480,-67.464539,30012.00,999999999.000,999999999,999999999,999999999,999999999,999999999,999999999,999999999,999999999,999999999,999999999,999999999,9999999999,999999999,999999999,999999999,999999999,999999999,999999999,3,2098952,-66.60
77,2017-08-03 13:08:30,42950.5475752,999999999.0000000,999999999.000,999999999.000,7.810,-66.500,2.630,-50.383602,-67.463707,30016.00,999999999.000,999999999,999999999,999999999,999999999,999999999,999999999,999999999,999999999,999999999,999999999,999999999,9999999999,999999999,999999999,999999999,999999999,999999999,999999999,3,2098952,-66.50
78,2017-08-03 13:08:31,42950.5475868,999999999.0000000,999999999.000,999999999.000,7.800,-66.490,2.630,-50.383751,-67.462814,30017.00,999999999.000,999999999,999999999,999999999,999999999,999999999,999999999,999999999,999999999,999999999,999999999,999999999,9999999999,999999999,999999999,999999999,999999999,999999999,999999999,3,2098952,-66.49
79,2017-08-03 13:08:32,42950.5475984,999999999.0000000,999999999.000,999999999.000,7.820,-66.430,2.590,-50.383934,-67.461906,30019.00,999999999.000,999999999,999999999,999999999,999999999,999999999,999999999,999999999,999999999,999999999,999999999,999999999,9999999999,999999999,999999999,999999999,999999999,999999999,999999999,3,2098952,-66.43
80,2017-08-03 13:08:33,42950.5476100,999999999.0000000,999999999.000,999999999.000,7.820,-66.390,2.580,-50.384136,-67.461014,30022.00,999999999.000,999999999,999999999,999999999,999999999,999999999,999999999,999999999,999999999,999999999,999999999,999999999,9999999999,999999999,999999999,999999999,999999999,999999999,999999999,3,2098952,-66.39
81,2017-08-03 13:08:34,42950.5476215,999999999.0000000,999999999.000,999999999.000,7.810,-66.410,2.550,-50.384315,-67.460159,30026.00,999999999.000,999999999,999999999,999999999,999999999,999999999,999999999,999999999,999999999,999999999,999999999,999999999,9999999999,999999999,999999999,999999999,999999999,999999999,999999999,3,2098952,-66.41
82,2017-08-03 13:08:35,42950.5476331,999999999.0000000,999999999.000,999999999.000,7.790,-66.460,2.680,-50.384449,-67.459320,30029.00,999999999.000,999999999,999999999,999999999,999999999,999999999,999999999,999999999,999999999,999999999,999999999,999999999,9999999999,999999999,999999999,999999999,999999999,999999999,999999999,3,2098952,-66.46
83,2017-08-03 13:08:36,42950.5476447,999999999.0000000,999999999.000,999999999.000,7.800,-66.410,2.670,-50.384548,-67.458450,30031.00,999999999.000,999999999,999999999,999999999,999999999,999999999,999999999,999999999,999999999,999999999,999999999,999999999,9999999999,999999999,999999999,999999999,999999999,999999999,999999999,3,2098952,-66.41
84,2017-08-03 13:08:37,42950.5476563,999999999.0000000,999999999.000,999999999.000,7.790,-66.370,2.640,-50.384636,-67.457550,30033.00,999999999.000,999999999,999999999,999999999,999999999,999999999,999999999,999999999,999999999,999999999,999999999,999999999,9999999999,999999999,999999999,999999999,999999999,999999999,999999999,3,2098952,-66.37
85,2017-08-03 13:08:38,42950.5476678,999999999.0000000,999999999.000,999999999.000,7.770,-66.390,2.580,-50.384735,-67.456635,30036.00,999999999.000,999999999,999999999,999999999,999999999,999999999,999999999,999999999,999999999,999999999,999999999,999999999,9999999999,999999999,999999999,999999999,999999999,999999999,999999999,3,2098952,-66.39
86,2017-08-03 13:08:39,42950.5476794,999999999.0000000,999999999.000,999999999.000,7.760,-66.380,2.700,-50.384857,-67.455757,30039.00,999999999.000,999999999,999999999,999999999,999999999,999999999,999999999,999999999,999999999,999999999,999999999,999999999,9999999999,999999999,999999999,999999999,999999999,999999999,999999999,3,2098952,-66.38
87,2017-08-03 13:08:40,42950.5476910,999999999.0000000,999999999.000,999999999.000,7.740,-66.310,2.590,-50.385002,-67.454933,30041.00,999999999.000,999999999,999999999,999999999,999999999,999999999,999999999,999999999,999999999,999999999,999999999,999999999,9999999999,999999999,999999999,999999999,999999999,999999999,999999999,3,2098952,-66.31
88,2017-08-03 13:08:41,42950.5477025,999999999.0000000,999999999.000,999999999.000,7.760,-66.300,2.590,-50.385151,-67.454163,30043.00,999999999.000,999999999,999999999,999999999,999999999,999999999,999999999,999999999,999999999,999999999,999999999,999999999,9999999999,999999999,999999999,999999999,999999999,999999999,999999999,3,2098952,-66.30
89,2017-08-03 13:08:42,42950.5477141,999999999.0000000,999999999.000,999999999.000,7.780,-66.280,2.590,-50.385296,-67.453400,30046.00,999999999.000,999999999,999999999,999999999,999999999,999999999,999999999,999999999,999999999,999999999,999999999,999999999,9999999999,999999999,999999999,999999999,999999999,999999999,999999999,3,2098952,-66.28
90,2017-08-03 13:08:43,42950.5477257,999999999.0000000,999999999.000,999999999.000,7.770,-66.170,2.530,-50.385433,-67.452583,30049.00,999999999.000,999999999,999999999,999999999,999999999,999999999,999999999,999999999,999999999,999999999,999999999,999999999,9999999999,999999999,999999999,999999999,999999999,999999999,999999999,3,2098952,-66.17
91,2017-08-03 13:08:44,42950.5477373,999999999.0000000,999999999.000,999999999.000,7.780,-66.100,2.580,-50.385578,-67.451714,30051.00,999999999.000,999999999,999999999,999999999,999999999,999999999,999999999,999999999,999999999,999999999,999999999,999999999,9999999999,999999999,999999999,999999999,999999999,999999999,999999999,3,2098952,-66.10
92,2017-08-03 13:08:45,42950.5477488,999999999.0000000,999999999.000,999999999.000,7.780,-66.070,2.610,-50.385731,-67.450790,30054.00,999999999.000,999999999,999999999,999999999,999999999,999999999,999999999,999999999,999999999,999999999,999999999,999999999,9999999999,999999999,999999999,999999999,999999999,999999999,999999999,3,2098952,-66.07
93,2017-08-03 13:08:46,42950.5477604,999999999.0000000,999999999.000,999999999.000,7.790,-66.070,2.570,-50.385880,-67.449867,30057.00,999999999.000,999999999,999999999,999999999,999999999,999999999,999999999,999999999,999999999,999999999,999999999,999999999,9999999999,999999999,999999999,999999999,999999999,999999999,999999999,3,2098952,-66.07
94,2017-08-03 13:08:47,42950.5477720,999999999.0000000,999999999.000,999999999.000,7.770,-65.950,2.550,-50.386024,-67.448959,30060.00,999999999.000,999999999,999999999,999999999,999999999,999999999,999999999,999999999,999999999,999999999,999999999,999999999,9999999999,999999999,999999999,999999999,999999999,999999999,999999999,3,2098952,-65.95
95,2017-08-03 13:08:48,42950.5477836,999999999.0000000,999999999.000,999999999.000,7.760,-65.860,2.410,-50.386147,-67.448097,30063.00,999999999.000,999999999,999999999,999999999,999999999,999999999,999999999,999999999,999999999,999999999,999999999,999999999,9999999999,999999999,999999999,999999999,999999999,999999999,999999999,3,2098952,-65.86
96,2017-08-03 13:08:49,42950.5477951,999999999.0000000,999999999.000,999999999.000,7.750,-65.830,2.500,-50.386242,-67.447258,30064.00,999999999.000,999999999,999999999,999999999,999999999,999999999,999999999,999999999,999999999,999999999,999999999,999999999,9999999999,999999999,999999999,999999999,999999999,999999999,999999999,3,2098952,-65.83
97,2017-08-03 13:08:50,42950.5478067,999999999.0000000,999999999.000,999999999.000,7.760,-65.750,2.510,-50.386326,-67.446426,30066.00,999999999.000,999999999,999999999,999999999,999999999,999999999,999999999,999999999,999999999,999999999,999999999,999999999,9999999999,999999999,999999999,999999999,999999999,999999999,999999999,3,2098952,-65.75
98,2017-08-03 13:08:51,42950.5478183,999999999.0000000,999999999.000,999999999.000,999999999.000,999999999.000,999999999.000,999999999.000000,999999999.000000,999999999.00,999999999.000,999999999,999999999,999999999,999999999,999999999,999999999,999999999,999999999,999999999,999999999,999999999,9999999999,999999999,999999999,999999999,999999999,999999999,999999999,3,0,999999999.00
99,2017-08-03 13:08:52,42950.5478299,999999999.0000000,999999999.000,999999999.000,7.780,-65.750,2.420,-50.386517,-67.444756,30070.00,999999999.000,999999999,999999999,999999999,999999999,999999999,999999999,999999999,999999999,999999999,999999999,999999999,9999999999,999999999,999999999,999999999,999999999,999999999,999999999,3,2098952,-65.75
100,2017-08-03 13:08:53,42950.5478414,999999999.0000000,999999999.000,999999999.000,7.770,-65.790,2.460,-50.386654,-67.443924,30072.00,999999999.000,999999999,999999999,999999999,999999999,999999999,999999999,999999999,999999999,999999999,999999999,999999999,9999999999,999999999,999999999,999999999,999999999,999999999,999999999,3,2098952,-65.79
101,2017-08-03 13:08:54,42950.5478530,999999999.0000000,999999999.000,999999999.000,7.740,-65.800,2.490,-50.386814,-67.443100,30073.00,999999999.000,999999999,999999999,999999999,999999999,999999999,999999999,999999999,999999999,999999999,999999999,999999999,9999999999,999999999,999999999,999999999,999999999,999999999,999999999,3,2098952,-65.80
102,2017-08-03 13:08:55,42950.5478646,999999999.0000000,999999999.000,999999999.000,7.740,-65.860,2.560,-50.386990,-67.442268,30075.00,999999999.000,999999999,999999999,999999999,999999999,999999999,999999999,999999999,999999999,999999999,999999999,999999999,9999999999,999999999,999999999,999999999,999999999,999999999,999999999,3,2098952,-65.86
103,2017-08-03 13:08:56,42950.5478762,999999999.0000000,999999999.000,999999999.000,999999999.000,999999999.000,999999999.000,999999999.000000,999999999.000000,999999999.00,999999999.000,999999999,999999999,999999999,999999999,999999999,999999999,999999999,999999999,999999999,999999999,999999999,9999999999,999999999,999999999,999999999,999999999,999999999,999999999,3,0,999999999.00
104,2017-08-03 13:08:57,42950.5478877,999999999.0000000,999999999.000,999999999.000,7.730,-65.660,2.400,-50.387306,-67.440567,30080.00,999999999.000,999999999,999999999,999999999,999999999,999999999,999999999,999999999,999999999,999999999,999999999,999999999,9999999999,999999999,999999999,999999999,999999999,999999999,999999999,3,2098952,-65.66
105,2017-08-03 13:08:58,42950.5478993,999999999.0000000,999999999.000,999999999.000,7.730,-65.690,2.470,-50.387424,-67.439697,30083.00,999999999.000,999999999,999999999,999999999,999999999,999999999,999999999,999999999,999999999,999999999,999999999,999999999,9999999999,999999999,999999999,999999999,999999999,999999999,999999999,3,2098952,-65.69
106,2017-08-03 13:08:59,42950.5479109,999999999.0000000,999999999.000,999999999.000,7.700,-65.650,2.460,-50.387520,-67.438835,30084.00,999999999.000,999999999,999999999,999999999,999999999,999999999,999999999,999999999,999999999,999999999,999999999,999999999,9999999999,999999999,999999999,999999999,999999999,999999999,999999999,3,2098952,-65.65
107,2017-08-03 13:09:00,42950.5479225,999999999.0000000,999999999.000,999999999.000,7.700,-65.640,2.580,-50.387604,-67.437996,30086.00,999999999.000,999999999,999999999,999999999,999999999,999999999,999999999,999999999,999999999,999999999,999999999,999999999,9999999999,999999999,999999999,999999999,999999999,999999999,999999999,3,2098952,-65.64
108,2017-08-03 13:09:01,42950.5479340,999999999.0000000,999999999.000,999999999.000,7.710,-65.450,2.420,-50.387691,-67.437157,30088.00,999999999.000,999999999,999999999,999999999,999999999,999999999,999999999,999999999,999999999,999999999,999999999,999999999,9999999999,999999999,999999999,999999999,999999999,999999999,999999999,3,2098952,-65.45
109,2017-08-03 13:09:02,42950.5479456,999999999.0000000,999999999.000,999999999.000,7.700,-65.410,2.440,-50.387798,-67.436325,30091.00,999999999.000,999999999,999999999,999999999,999999999,999999999,999999999,999999999,999999999,999999999,999999999,999999999,9999999999,999999999,999999999,999999999,999999999,999999999,999999999,3,2098952,-65.41
110,2017-08-03 13:09:03,42950.5479572,999999999.0000000,999999999.000,999999999.000,7.690,-65.420,2.440,-50.387932,-67.435478,30094.00,999999999.000,999999999,999999999,999999999,999999999,999999999,999999999,999999999,999999999,999999999,999999999,999999999,9999999999,999999999,999999999,999999999,999999999,999999999,999999999,3,2098952,-65.42
111,2017-08-03 13:09:04,42950.5479688,999999999.0000000,999999999.000,999999999.000,7.710,-65.340,2.430,-50.388096,-67.434608,30095.00,999999999.000,999999999,999999999,999999999,999999999,999999999,999999999,999999999,999999999,999999999,999999999,999999999,9999999999,999999999,999999999,999999999,999999999,999999999,999999999,3,2098952,-65.34
112,2017-08-03 13:09:05,42950.5479803,999999999.0000000,999999999.000,999999999.000,999999999.000,999999999.000,999999999.000,999999999.000000,999999999.000000,999999999.00,999999999.000,999999999,999999999,999999999,999999999,999999999,999999999,999999999,999999999,999999999,999999999,999999999,9999999999,999999999,999999999,999999999,999999999,999999999,999999999,3,0,999999999.00
113,2017-08-03 13:09:06,42950.5479919,999999999.0000000,999999999.000,999999999.000,7.720,-65.190,2.370,-50.388447,-67.432831,30101.00,999999999.000,999999999,999999999,999999999,999999999,999999999,999999999,999999999,999999999,999999999,999999999,999999999,9999999999,999999999,999999999,999999999,999999999,999999999,999999999,3,2098952,-65.19
114,2017-08-03 13:09:07,42950.5480035,999999999.0000000,999999999.000,999999999.000,7.690,-65.070,2.340,-50.388580,-67.431969,30104.00,999999999.000,999999999,999999999,999999999,999999999,999999999,999999999,999999999,999999999,999999999,999999999,999999999,9999999999,999999999,999999999,999999999,999999999,999999999,999999999,3,2098952,-65.07
115,2017-08-03 13:09:08,42950.5480150,999999999.0000000,999999999.000,999999999.000,7.690,-65.030,2.340,-50.388676,-67.431137,30105.00,999999999.000,999999999,999999999,999999999,999999999,999999999,999999999,999999999,999999999,999999999,999999999,999999999,9999999999,999999999,999999999,999999999,999999999,999999999,999999999,3,2098952,-65.03
116,2017-08-03 13:09:09,42950.5480266,999999999.0000000,999999999.000,999999999.000,7.690,-65.030,2.370,-50.388737,-67.430313,30106.00,999999999.000,999999999,999999999,999999999,999999999,999999999,999999999,999999999,999999999,999999999,999999999,999999999,9999999999,999999999,999999999,999999999,999999999,999999999,999999999,3,2098952,-65.03
117,2017-08-03 13:09:10,42950.5480382,999999999.0000000,999999999.000,999999999.000,7.690,-65.030,2.280,-50.388809,-67.429482,30110.00,999999999.000,999999999,999999999,999999999,999999999,999999999,999999999,999999999,999999999,999999999,999999999,999999999,9999999999,999999999,999999999,999999999,999999999,999999999,999999999,3,2098952,-65.03
118,2017-08-03 13:09:11,42950.5480498,999999999.0000000,999999999.000,999999999.000,7.690,-65.060,2.340,-50.388920,-67.428619,30114.00,999999999.000,999999999,999999999,999999999,999999999,999999999,999999999,999999999,999999999,999999999,999999999,999999999,9999999999,999999999,999999999,999999999,999999999,999999999,999999999,3,2098952,-65.06
119,2017-08-03 13:09:12,42950.5480613,999999999.0000000,999999999.000,999999999.000,7.690,-65.040,2.400,-50.389080,-67.427750,30116.00,999999999.000,999999999,999999999,999999999,999999999,999999999,999999999,999999999,999999999,999999999,999999999,999999999,9999999999,999999999,999999999,999999999,999999999,999999999,999999999,3,2098952,-65.04
120,2017-08-03 13:09:13,42950.5480729,999999999.0000000,999999999.000,999999999.000,7.680,-64.990,2.330,-50.389275,-67.426865,30116.00,999999999.000,999999999,999999999,999999999,999999999,999999999,999999999,999999999,999999999,999999999,999999999,999999999,9999999999,999999999,999999999,999999999,999999999,999999999,999999999,3,2098952,-64.99
121,2017-08-03 13:09:14,42950.5480845,999999999.0000000,999999999.000,999999999.000,7.680,-64.950,2.350,-50.389465,-67.425980,30121.00,999999999.000,999999999,999999999,999999999,999999999,999999999,999999999,999999999,999999999,999999999,999999999,999999999,9999999999,999999999,999999999,999999999,999999999,999999999,999999999,3,2098952,-64.95
122,2017-08-03 13:09:15,42950.5480961,999999999.0000000,999999999.000,999999999.000,7.670,-64.960,2.260,-50.389610,-67.425117,30125.00,999999999.000,999999999,999999999,999999999,999999999,999999999,999999999,999999999,999999999,999999999,999999999,999999999,9999999999,999999999,999999999,999999999,999999999,999999999,999999999,3,2098952,-64.96
123,2017-08-03 13:09:16,42950.5481076,999999999.0000000,999999999.000,999999999.000,7.670,-64.940,2.320,-50.389702,-67.424278,30126.00,999999999.000,999999999,999999999,999999999,999999999,999999999,999999999,999999999,999999999,999999999,999999999,999999999,9999999999,999999999,999999999,999999999,999999999,999999999,999999999,3,2098952,-64.94
124,2017-08-03 13:09:17,42950.5481192,999999999.0000000,999999999.000,999999999.000,7.690,-64.910,2.340,-50.389759,-67.423454,30127.00,999999999.000,999999999,999999999,999999999,999999999,999999999,999999999,999999999,999999999,999999999,999999999,999999999,9999999999,999999999,999999999,999999999,999999999,999999999,999999999,3,2098952,-64.91
125,2017-08-03 13:09:18,42950.5481308,999999999.0000000,999999999.000,999999999.000,7.670,-64.910,2.340,-50.389809,-67.422638,30131.00,999999999.000,999999999,999999999,999999999,999999999,999999999,999999999,999999999,999999999,999999999,999999999,999999999,9999999999,999999999,999999999,999999999,999999999,999999999,999999999,3,2098952,-64.91
126,2017-08-03 13:09:19,42950.5481424,999999999.0000000,999999999.000,999999999.000,7.650,-64.870,2.250,-50.389904,-67.421806,30135.00,999999999.000,999999999,999999999,999999999,999999999,999999999,999999999,999999999,999999999,999999999,999999999,999999999,9999999999,999999999,999999999,999999999,999999999,999999999,999999999,3,2098952,-64.87
127,2017-08-03 13:09:20,42950.5481539,999999999.0000000,999999999.000,999999999.000,7.650,-64.970,2.320,-50.390053,-67.420952,30137.00,999999999.000,999999999,999999999,999999999,999999999,999999999,999999999,999999999,999999999,999999999,999999999,999999999,9999999999,999999999,999999999,999999999,999999999,999999999,999999999,3,2098952,-64.97
128,2017-08-03 13:09:21,42950.5481655,999999999.0000000,999999999.000,999999999.000,7.640,-64.910,2.340,-50.390240,-67.420082,30137.00,999999999.000,999999999,999999999,999999999,999999999,999999999,999999999,999999999,999999999,999999999,999999999,999999999,9999999999,999999999,999999999,999999999,999999999,999999999,999999999,3,2098952,-64.91
129,2017-08-03 13:09:22,42950.5481771,999999999.0000000,999999999.000,999999999.000,7.630,-64.940,2.350,-50.390434,-67.419205,30140.00,999999999.000,999999999,999999999,999999999,999999999,999999999,999999999,999999999,999999999,999999999,999999999,999999999,9999999999,999999999,999999999,999999999,999999999,999999999,999999999,3,2098952,-64.94
130,2017-08-03 13:09:23,42950.5481887,999999999.0000000,999999999.000,999999999.000,7.620,-64.880,2.310,-50.390591,-67.418343,30145.00,999999999.000,999999999,999999999,999999999,999999999,999999999,999999999,999999999,999999999,999999999,999999999,999999999,9999999999,999999999,999999999,999999999,999999999,999999999,999999999,3,2098952,-64.88
131,2017-08-03 13:09:24,42950.5482002,999999999.0000000,999999999.000,999999999.000,7.610,-64.840,2.270,-50.390709,-67.417511,30148.00,999999999.000,999999999,999999999,999999999,999999999,999999999,999999999,999999999,999999999,999999999,999999999,999999999,9999999999,999999999,999999999,999999999,999999999,999999999,999999999,3,2098952,-64.84
132,2017-08-03 13:09:25,42950.5482118,999999999.0000000,999999999.000,999999999.000,7.610,-64.740,2.250,-50.390785,-67.416702,30150.00,999999999.000,999999999,999999999,999999999,999999999,999999999,999999999,999999999,999999999,999999999,999999999,999999999,9999999999,999999999,999999999,999999999,999999999,999999999,999999999,4,2098952,-64.74
133,2017-08-03 13:09:26,42950.5482234,999999999.0000000,999999999.000,999999999.000,999999999.000,999999999.000,999999999.000,999999999.000000,999999999.000000,999999999.00,999999999.000,999999999,999999999,999999999,999999999,999999999,999999999,999999999,999999999,999999999,999999999,999999999,9999999999,999999999,999999999,999999999,999999999,999999999,999999999,4,0,999999999.00
134,2017-08-03 13:09:27,42950.5482350,999999999.0000000,999999999.000,999999999.000,7.610,-64.750,2.250,-50.390926,-67.415085,30156.00,999999999.000,999999999,999999999,999999999,999999999,999999999,999999999,999999999,999999999,999999999,999999999,999999999,9999999999,999999999,999999999,999999999,999999999,999999999,999999999,4,2098952,-64.75
135,2017-08-03 13:09:28,42950.5482465,999999999.0000000,999999999.000,999999999.000,7.590,-64.710,2.210,-50.391048,-67.414230,30160.00,999999999.000,999999999,999999999,999999999,999999999,999999999,999999999,999999999,999999999,999999999,999999999,999999999,9999999999,999999999,999999999,999999999,999999999,999999999,999999999,4,2098952,-64.71
136,2017-08-03 13:09:29,42950.5482581,999999999.0000000,999999999.000,999999999.000,7.590,-64.690,2.270,-50.391205,-67.413338,30161.00,999999999.000,999999999,999999999,999999999,999999999,999999999,999999999,999999999,999999999,999999999,999999999,999999999,9999999999,999999999,999999999,999999999,999999999,999999999,999999999,4,2098952,-64.69
137,2017-08-03 13:09:30,42950.5482697,999999999.0000000,999999999.000,999999999.000,7.590,-64.510,2.270,-50.391392,-67.412422,30163.00,999999999.000,999999999,999999999,999999999,999999999,999999999,999999999,999999999,999999999,999999999,999999999,999999999,9999999999,999999999,999999999,999999999,999999999,999999999,999999999,4,2098952,-64.51
138,2017-08-03 13:09:31,42950.5482813,999999999.0000000,999999999.000,999999999.000,7.560,-64.330,2.230,-50.391571,-67.411499,30167.00,999999999.000,999999999,999999999,999999999,999999999,999999999,999999999,999999999,999999999,999999999,999999999,999999999,9999999999,999999999,999999999,999999999,999999999,999999999,999999999,4,2098952,-64.33
139,2017-08-03 13:09:32,42950.5482928,999999999.0000000,999999999.000,999999999.000,7.560,-64.240,2.240,-50.391712,-67.410606,30171.00,999999999.000,999999999,999999999,999999999,999999999,999999999,999999999,999999999,999999999,999999999,999999999,999999999,9999999999,999999999,999999999,999999999,999999999,999999999,999999999,4,2098952,-64.24
140,2017-08-03 13:09:33,42950.5483044,999999999.0000000,999999999.000,999999999.000,7.610,-64.190,2.180,-50.391823,-67.409744,30174.00,999999999.000,999999999,999999999,999999999,999999999,999999999,999999999,999999999,999999999,999999999,999999999,999999999,9999999999,999999999,999999999,999999999,999999999,999999999,999999999,4,2098952,-64.19
141,2017-08-03 13:09:34,42950.5483160,999999999.0000000,999999999.000,999999999.000,7.610,-64.050,2.210,-50.391899,-67.408920,30175.00,999999999.000,999999999,999999999,999999999,999999999,999999999,999999999,999999999,999999999,999999999,999999999,999999999,9999999999,999999999,999999999,999999999,999999999,999999999,999999999,4,2098952,-64.05
142,2017-08-03 13:09:35,42950.5483275,999999999.0000000,999999999.000,999999999.000,7.630,-64.050,2.240,-50.391972,-67.408127,30179.00,999999999.000,999999999,999999999,999999999,999999999,999999999,999999999,999999999,999999999,999999999,999999999,999999999,9999999999,999999999,999999999,999999999,999999999,999999999,999999999,4,2098952,-64.05
143,2017-08-03 13:09:36,42950.5483391,999999999.0000000,999999999.000,999999999.000,7.620,-63.900,2.150,-50.392086,-67.407310,30185.00,999999999.000,999999999,999999999,999999999,999999999,999999999,999999999,999999999,999999999,999999999,999999999,999999999,9999999999,999999999,999999999,999999999,999999999,999999999,999999999,4,2098952,-63.90
144,2017-08-03 13:09:37,42950.5483507,999999999.0000000,999999999.000,999999999.000,7.590,-63.820,2.050,-50.392239,-67.406456,30188.00,999999999.000,999999999,999999999,999999999,999999999,999999999,999999999,999999999,999999999,999999999,999999999,999999999,9999999999,999999999,999999999,999999999,999999999,999999999,999999999,4,2098952,-63.82
145,2017-08-03 13:09:38,42950.5483623,999999999.0000000,999999999.000,999999999.000,7.570,-63.690,2.050,-50.392426,-67.405556,30189.00,999999999.000,999999999,999999999,999999999,999999999,999999999,999999999,999999999,999999999,999999999,999999999,999999999,9999999999,999999999,999999999,999999999,999999999,999999999,999999999,4,2098952,-63.69
146,2017-08-03 13:09:39,42950.5483738,999999999.0000000,999999999.000,999999999.000,999999999.000,999999999.000,999999999.000,999999999.000000,999999999.000000,999999999.00,999999999.000,999999999,999999999,999999999,999999999,999999999,999999999,999999999,999999999,999999999,999999999,999999999,9999999999,999999999,999999999,999999999,999999999,999999999,999999999,4,0,999999999.00
147,2017-08-03 13:09:40,42950.5483854,999999999.0000000,999999999.000,999999999.000,7.560,-63.610,2.070,-50.392818,-67.403763,30198.00,999999999.000,999999999,999999999,999999999,999999999,999999999,999999999,999999999,999999999,999999999,999999999,999999999,9999999999,999999999,999999999,999999999,999999999,999999999,999999999,4,2098952,-63.61
148,2017-08-03 13:09:41,42950.5483970,999999999.0000000,999999999.000,999999999.000,7.570,-63.480,2.040,-50.392971,-67.402939,30201.00,999999999.000,999999999,999999999,999999999,999999999,999999999,999999999,999999999,999999999,999999999,999999999,999999999,9999999999,999999999,999999999,999999999,999999999,999999999,999999999,4,2098952,-63.48
149,2017-08-03 13:09:42,42950.5484086,999999999.0000000,999999999.000,999999999.000,7.570,-63.500,2.020,-50.393097,-67.402161,30204.00,999999999.000,999999999,999999999,999999999,999999999,999999999,999999999,999999999,999999999,999999999,999999999,999999999,9999999999,999999999,999999999,999999999,999999999,999999999,999999999,4,2098952,-63.50
150,2017-08-03 13:09:43,42950.5484201,999999999.0000000,999999999.000,999999999.000,999999999.000,999999999.000,999999999.000,999999999.000000,999999999.000000,999999999.00,999999999.000,999999999,999999999,999999999,999999999,999999999,999999999,999999999,999999999,999999999,999999999,999999999,9999999999,999999999,999999999,999999999,999999999,999999999,999999999,4,0,999999999.00
151,2017-08-03 13:09:44,42950.5484317,999999999.0000000,999999999.000,999999999.000,7.570,-63.580,2.120,-50.393303,-67.400620,30210.00,999999999.000,999999999,999999999,999999999,999999999,999999999,999999999,999999999,999999999,999999999,999999999,999999999,9999999999,999999999,999999999,999999999,999999999,999999999,999999999,4,2098952,-63.58
152,2017-08-03 13:09:45,42950.5484433,999999999.0000000,999999999.000,999999999.000,7.560,-63.570,2.120,-50.393436,-67.399780,30214.00,999999999.000,999999999,999999999,999999999,999999999,999999999,999999999,999999999,999999999,999999999,999999999,999999999,9999999999,999999999,999999999,999999999,999999999,999999999,999999999,4,2098952,-63.57
153,2017-08-03 13:09:46,42950.5484549,999999999.0000000,999999999.000,999999999.000,7.560,-63.600,2.060,-50.393597,-67.398911,30217.00,999999999.000,999999999,999999999,999999999,999999999,999999999,999999999,999999999,999999999,999999999,999999999,999999999,9999999999,999999999,999999999,999999999,999999999,999999999,999999999,4,2098952,-63.60
154,2017-08-03 13:09:47,42950.5484664,999999999.0000000,999999999.000,999999999.000,7.550,-63.540,2.140,-50.393776,-67.398026,30220.00,999999999.000,999999999,999999999,999999999,999999999,999999999,999999999,999999999,999999999,999999999,999999999,999999999,9999999999,999999999,999999999,999999999,999999999,999999999,999999999,4,2098952,-63.54
155,2017-08-03 13:09:48,42950.5484780,999999999.0000000,999999999.000,999999999.000,7.550,-63.460,2.130,-50.393970,-67.397141,30224.00,999999999.000,999999999,999999999,999999999,999999999,999999999,999999999,999999999,999999999,999999999,999999999,999999999,9999999999,999999999,999999999,999999999,999999999,999999999,999999999,4,2098952,-63.46
156,2017-08-03 13:09:49,42950.5484896,999999999.0000000,999999999.000,999999999.000,7.560,-63.520,2.110,-50.394150,-67.396286,30228.00,999999999.000,999999999,999999999,999999999,999999999,999999999,999999999,999999999,999999999,999999999,999999999,999999999,9999999999,999999999,999999999,999999999,999999999,999999999,999999999,4,2098952,-63.52
157,2017-08-03 13:09:50,42950.5485012,999999999.0000000,999999999.000,999999999.000,7.560,-63.550,2.110,-50.394318,-67.395447,30233.00,999999999.000,999999999,999999999,999999999,999999999,999999999,999999999,999999999,999999999,999999999,999999999,999999999,9999999999,999999999,999999999,999999999,999999999,999999999,999999999,4,2098952,-63.55
158,2017-08-03 13:09:51,42950.5485127,999999999.0000000,999999999.000,999999999.000,7.550,-63.560,2.090,-50.394470,-67.394630,30237.00,999999999.000,999999999,999999999,999999999,999999999,999999999,999999999,999999999,999999999,999999999,999999999,999999999,9999999999,999999999,999999999,999999999,999999999,999999999,999999999,4,2098952,-63.56
159,2017-08-03 13:09:52,42950.5485243,999999999.0000000,999999999.000,999999999.000,7.540,-63.630,2.180,-50.394608,-67.393829,30240.00,999999999.000,999999999,999999999,999999999,999999999,999999999,999999999,999999999,999999999,999999999,999999999,999999999,9999999999,999999999,999999999,999999999,999999999,999999999,999999999,4,2098952,-63.63
160,2017-08-03 13:09:53,42950.5485359,999999999.0000000,999999999.000,999999999.000,7.540,-63.650,2.160,-50.394745,-67.393028,30244.00,999999999.000,999999999,999999999,999999999,999999999,999999999,999999999,999999999,999999999,999999999,999999999,999999999,9999999999,999999999,999999999,999999999,999999999,999999999,999999999,4,2098952,-63.65
161,2017-08-03 13:09:54,42950.5485475,999999999.0000000,999999999.000,999999999.000,7.520,-63.630,2.150,-50.394878,-67.392242,30247.00,999999999.000,999999999,999999999,999999999,999999999,999999999,999999999,999999999,999999999,999999999,999999999,999999999,9999999999,999999999,999999999,999999999,999999999,999999999,999999999,4,2098952,-63.63
162,2017-08-03 13:09:55,42950.5485590,999999999.0000000,999999999.000,999999999.000,7.520,-63.540,2.140,-50.395023,-67.391449,30252.00,999999999.000,999999999,999999999,999999999,999999999,999999999,999999999,999999999,999999999,999999999,999999999,999999999,9999999999,999999999,999999999,999999999,999999999,999999999,999999999,4,2098952,-63.54
163,2017-08-03 13:09:56,42950.5485706,999999999.0000000,999999999.000,999999999.000,7.510,-63.460,2.040,-50.395184,-67.390640,30257.00,999999999.000,999999999,999999999,999999999,999999999,999999999,999999999,999999999,999999999,999999999,999999999,999999999,9999999999,999999999,999999999,999999999,999999999,999999999,999999999,4,2098952,-63.46
164,2017-08-03 13:09:57,42950.5485822,999999999.0000000,999999999.000,999999999.000,7.510,-63.360,2.100,-50.395367,-67.389801,30260.00,999999999.000,999999999,999999999,999999999,999999999,999999999,999999999,999999999,999999999,999999999,999999999,999999999,9999999999,999999999,999999999,999999999,999999999,999999999,999999999,4,2098952,-63.36
165,2017-08-03 13:09:58,42950.5485938,999999999.0000000,999999999.000,999999999.000,7.510,-63.440,2.120,-50.395565,-67.388931,30264.00,999999999.000,999999999,999999999,999999999,999999999,999999999,999999999,999999999,999999999,999999999,999999999,999999999,9999999999,999999999,999999999,999999999,999999999,999999999,999999999,4,2098952,-63.44
166,2017-08-03 13:09:59,42950.5486053,999999999.0000000,999999999.000,999999999.000,7.500,-63.460,2.070,-50.395760,-67.388054,30269.00,999999999.000,999999999,999999999,999999999,999999999,999999999,999999999,999999999,999999999,999999999,999999999,999999999,9999999999,999999999,999999999,999999999,999999999,999999999,999999999,4,2098952,-63.46
167,2017-08-03 13:10:00,42950.5486169,999999999.0000000,999999999.000,999999999.000,7.490,-63.340,1.930,-50.395931,-67.387199,30275.00,999999999.000,999999999,999999999,999999999,999999999,999999999,999999999,999999999,999999999,999999999,999999999,999999999,9999999999,999999999,999999999,999999999,999999999,999999999,999999999,4,2098952,-63.34
168,2017-08-03 13:10:01,42950.5486285,999999999.0000000,999999999.000,999999999.000,7.460,-63.400,2.000,-50.396080,-67.386391,30280.00,999999999.000,999999999,999999999,999999999,999999999,999999999,999999999,999999999,999999999,999999999,999999999,999999999,9999999999,999999999,999999999,999999999,999999999,999999999,999999999,4,2098952,-63.40
169,2017-08-03 13:10:02,42950.5486400,999999999.0000000,999999999.000,999999999.000,7.460,-63.530,2.020,-50.396210,-67.385628,30284.00,999999999.000,999999999,999999999,999999999,999999999,999999999,999999999,999999999,999999999,999999999,999999999,999999999,9999999999,999999999,999999999,999999999,999999999,999999999,999999999,4,2098952,-63.53
170,2017-08-03 13:10:03,42950.5486516,999999999.0000000,999999999.000,999999999.000,7.450,-63.680,2.100,-50.396336,-67.384880,30288.00,999999999.000,999999999,999999999,999999999,999999999,999999999,999999999,999999999,999999999,999999999,999999999,999999999,9999999999,999999999,999999999,999999999,999999999,999999999,999999999,4,2098952,-63.68
171,2017-08-03 13:10:04,42950.5486632,999999999.0000000,999999999.000,999999999.000,7.450,-63.730,2.080,-50.396473,-67.384109,30294.00,999999999.000,999999999,999999999,999999999,999999999,999999999,999999999,999999999,999999999,999999999,999999999,999999999,9999999999,999999999,999999999,999999999,999999999,999999999,999999999,4,2098952,-63.73
172,2017-08-03 13:10:05,42950.5486748,999999999.0000000,999999999.000,999999999.000,7.450,-63.720,2.020,-50.396645,-67.383293,30299.00,999999999.000,999999999,999999999,999999999,999999999,999999999,999999999,999999999,999999999,999999999,999999999,999999999,9999999999,999999999,999999999,999999999,999999999,999999999,999999999,4,2098952,-63.72
173,2017-08-03 13:10:06,42950.5486863,999999999.0000000,999999999.000,999999999.000,7.470,-63.670,2.100,-50.396847,-67.382439,30302.00,999999999.000,999999999,999999999,999999999,999999999,999999999,999999999,999999999,999999999,999999999,999999999,999999999,9999999999,999999999,999999999,999999999,999999999,999999999,999999999,4,2098952,-63.67
174,2017-08-03 13:10:07,42950.5486979,999999999.0000000,999999999.000,999999999.000,7.480,-63.790,2.150,-50.397068,-67.381592,30307.00,999999999.000,999999999,999999999,999999999,999999999,999999999,999999999,999999999,999999999,999999999,999999999,999999999,9999999999,999999999,999999999,999999999,999999999,999999999,999999999,4,2098952,-63.79
175,2017-08-03 13:10:08,42950.5487095,999999999.0000000,999999999.000,999999999.000,7.480,-63.950,2.180,-50.397285,-67.380760,30313.00,999999999.000,999999999,999999999,999999999,999999999,999999999,999999999,999999999,999999999,999999999,999999999,999999999,9999999999,999999999,999999999,999999999,999999999,999999999,999999999,4,2098952,-63.95
176,2017-08-03 13:10:09,42950.5487211,999999999.0000000,999999999.000,999999999.000,7.460,-64.050,2.140,-50.397472,-67.379967,30318.00,999999999.000,999999999,999999999,999999999,999999999,999999999,999999999,999999999,999999999,999999999,999999999,999999999,9999999999,999999999,999999999,999999999,999999999,999999999,999999999,4,2098952,-64.05
177,2017-08-03 13:10:10,42950.5487326,999999999.0000000,999999999.000,999999999.000,7.440,-64.030,2.230,-50.397629,-67.379181,30324.00,999999999.000,999999999,999999999,999999999,999999999,999999999,999999999,999999999,999999999,999999999,999999999,999999999,9999999999,999999999,999999999,999999999,999999999,999999999,999999999,4,2098952,-64.03
178,2017-08-03 13:10:11,42950.5487442,999999999.0000000,999999999.000,999999999.000,7.440,-63.940,2.210,-50.397758,-67.378387,30328.00,999999999.000,999999999,999999999,999999999,999999999,999999999,999999999,999999999,999999999,999999999,999999999,999999999,9999999999,999999999,999999999,999999999,999999999,999999999,999999999,4,2098952,-63.94
179,2017-08-03 13:10:12,42950.5487558,999999999.0000000,999999999.000,999999999.000,7.450,-63.820,2.190,-50.397873,-67.377586,30333.00,999999999.000,999999999,999999999,999999999,999999999,999999999,999999999,999999999,999999999,999999999,999999999,999999999,9999999999,999999999,999999999,999999999,999999999,999999999,999999999,4,2098952,-63.82
180,2017-08-03 13:10:13,42950.5487674,999999999.0000000,999999999.000,999999999.000,7.440,-63.850,2.130,-50.398003,-67.376755,30339.00,999999999.000,999999999,999999999,999999999,999999999,999999999,999999999,999999999,999999999,999999999,999999999,999999999,9999999999,999999999,999999999,999999999,999999999,999999999,999999999,4,2098952,-63.85
181,2017-08-03 13:10:14,42950.5487789,999999999.0000000,999999999.000,999999999.000,7.430,-63.860,2.050,-50.398167,-67.375931,30345.00,999999999.000,999999999,999999999,999999999,999999999,999999999,999999999,999999999,999999999,999999999,999999999,999999999,9999999999,999999999,999999999,999999999,999999999,999999999,999999999,4,2098952,-63.86
182,2017-08-03 13:10:15,42950.5487905,999999999.0000000,999999999.000,999999999.000,7.420,-64.030,2.110,-50.398373,-67.375107,30349.00,999999999.000,999999999,999999999,999999999,999999999,999999999,999999999,999999999,999999999,999999999,999999999,999999999,9999999999,999999999,999999999,999999999,999999999,999999999,999999999,4,2098952,-64.03
183,2017-08-03 13:10:16,42950.5488021,999999999.0000000,999999999.000,999999999.000,7.410,-64.230,2.170,-50.398617,-67.374290,30355.00,999999999.000,999999999,999999999,999999999,999999999,999999999,999999999,999999999,999999999,999999999,999999999,999999999,9999999999,999999999,999999999,999999999,999999999,999999999,999999999,4,2098952,-64.23
184,2017-08-03 13:10:17,42950.5488137,999999999.0000000,999999999.000,999999999.000,7.410,-64.370,2.170,-50.398853,-67.373482,30363.00,999999999.000,999999999,999999999,999999999,999999999,999999999,999999999,999999999,999999999,999999999,999999999,999999999,9999999999,999999999,999999999,999999999,999999999,999999999,999999999,4,2098952,-64.37
185,2017-08-03 13:10:18,42950.5488252,999999999.0000000,999999999.000,999999999.000,7.400,-64.460,2.130,-50.399044,-67.372688,30371.00,999999999.000,999999999,999999999,999999999,999999999,999999999,999999999,999999999,999999999,999999999,999999999,999999999,9999999999,999999999,999999999,999999999,999999999,999999999,999999999,4,2098952,-64.46
186,2017-08-03 13:10:19,42950.5488368,999999999.0000000,999999999.000,999999999.000,7.400,-64.480,2.220,-50.399189,-67.371902,30375.00,999999999.000,999999999,999999999,999999999,999999999,999999999,999999999,999999999,999999999,999999999,999999999,999999999,9999999999,999999999,999999999,999999999,999999999,999999999,999999999,4,2098952,-64.48
187,2017-08-03 13:10:20,42950.5488484,999999999.0000000,999999999.000,999999999.000,7.390,-64.410,2.180,-50.399296,-67.371140,30380.00,999999999.000,999999999,999999999,999999999,999999999,999999999,999999999,999999999,999999999,999999999,999999999,999999999,9999999999,999999999,999999999,999999999,999999999,999999999,999999999,4,2098952,-64.41
188,2017-08-03 13:10:21,42950.5488600,999999999.0000000,999999999.000,999999999.000,999999999.000,999999999.000,999999999.000,999999999.000000,999999999.000000,999999999.00,999999999.000,999999999,999999999,999999999,999999999,999999999,999999999,999999999,999999999,999999999,999999999,999999999,9999999999,999999999,999999999,999999999,999999999,999999999,999999999,4,0,999999999.00
189,2017-08-03 13:10:22,42950.5488715,999999999.0000000,999999999.000,999999999.000,7.360,-64.320,2.190,-50.399612,-67.369621,30396.00,999999999.000,999999999,999999999,999999999,999999999,999999999,999999999,999999999,999999999,999999999,999999999,999999999,9999999999,999999999,999999999,999999999,999999999,999999999,999999999,4,2098952,-64.32
190,2017-08-03 13:10:23,42950.5488831,999999999.0000000,999999999.000,999999999.000,7.330,-64.310,2.190,-50.399845,-67.368828,30399.00,999999999.000,999999999,999999999,999999999,999999999,999999999,999999999,999999999,999999999,999999999,999999999,999999999,9999999999,999999999,999999999,999999999,999999999,999999999,999999999,4,2098952,-64.31
