0000,     0.0000000,      0.00, 0, 0, 0, 0
Dose,    0,  0,  0,  0, 32,  0,    0.0000000,     0.0000000,      0.00, 0, 0, 0, 0
Dose,    0,  0,  0,  0, 32, 10,    0.0000000,     0.0000000,      0.00, 0, 0, 0, 0
Dose,    0,  0,  0,  0, 32, 20,    0.0000000,     0.0000000,      0.00, 0, 0, 0, 0
Dose,    0,  0,  0,  0, 32, 30,    0.0000000,     0.0000000,      0.00, 0, 0, 0, 0
Dose,    0,  0,  0,  0, 32, 40,    0.0000000,     0.0000000,      0.00, 0, 0, 0, 0
Dose,    0,  0,  0,  0, 32, 50,    0.0000000,     0.0000000,      0.00, 0, 0, 0, 0
Dose,    0,  0,  0,  0, 33,  0,    0.0000000,     0.0000000,      0.00, 0, 0, 0, 0
Dose,    0,  0,  0,  0, 33, 10,    0.0000000,     0.0000000,      0.00, 0, 0, 0, 0
Dose,    0,  0,  0,  0, 33, 20,    0.0000000,     0.0000000,      0.00, 0, 0, 0, 0
Dose,    0,  0,  0,  0, 33, 30,    0.0000000,     0.0000000,      0.00, 0, 0, 0, 0
Dose,    0,  0,  0,  0, 33, 40,    0.0000000,     0.0000000,      0.00, 0, 0, 0, 0
Dose,    0,  0,  0,  0, 33, 50,    0.0000000,     0.0000000,      0.00, 0, 0, 0, 0
Dose,    0,  0,  0,  0, 34,  0,    0.0000000,     0.0000000,      0.00, 0, 0, 0, 0
Dose,    0,  0,  0,  0, 34, 10,    0.0000000,     0.0000000,      0.00, 0, 0, 0, 0
Dose,    0,  0,  0,  0, 34, 20,    0.0000000,     0.0000000,      0.00, 0, 0, 0, 0
Dose,    0,  0,  0,  0, 34, 30,    0.0000000,     0.0000000,      0.00, 0, 0, 0, 0
Dose,    0,  0,  0,  0, 34, 40,    0.0000000,     0.0000000,      0.00, 0, 0, 0, 0
Dose,    0,  0,  0,  0, 34, 50,    0.0000000,     0.0000000,      0.00, 0, 0, 0, 0
Dose,    0,  0,  0,  0, 35,  0,    0.0000000,     0.0000000,      0.00, 0, 0, 0, 0
Dose,    0,  0,  0,  0, 35, 10,    0.0000000,     0.0000000,      0.00, 0, 0, 0, 0
Dose,    0,  0,  0,  0, 35, 20,    0.0000000,     0.0000000,      0.00, 0, 0, 0, 0
Dose,    0,  0,  0,  0, 35, 30,    0.0000000,     0.0000000,      0.00, 0, 0, 0, 0
Dose,    0,  0,  0,  0, 35, 40,    0.0000000,     0.0000000,      0.00, 0, 0, 0, 0
Dose,    0,  0,  0,  0, 35, 50,    0.0000000,     0.0000000,      0.00, 0, 0, 0, 0
Dose,    0,  0,  0,  0, 36,  0,    0.0000000,     0.0000000,      0.00, 0, 0, 0, 0
Dose,    0,  0,  0,  0, 36, 10,    0.0000000,     0.0000000,      0.00, 0, 0, 0, 0
Dose,    0,  0,  0,  0, 36, 20,    0.0000000,     0.0000000,      0.00, 0, 0, 0, 0
Dose,    0,  0,  0,  0, 36, 30,    0.0000000,     0.0000000,      0.00, 0, 0, 0, 0
Dose,    0,  0,  0,  0, 36, 40,    0.0000000,     0.0000000,      0.00, 0, 0, 0, 0
Dose,    0,  0,  0,  0, 36, 50,    0.0000000,     0.0000000,      0.00, 0, 0, 0, 0
Dose,    0,  0,  0,  0, 37,  0,    0.0000000,     0.0000000,      0.00, 0, 0, 0, 0
Dose,    0,  0,  0,  0, 37, 10,    0.0000000,     0.0000000,      0.00, 0, 0, 0, 0
Dose,    0,  0,  0,  0, 37, 20,    0.0000000,     0.0000000,      0.00, 0, 0, 0, 0
Dose,    0,  0,  0,  0, 37, 30,    0.0000000,     0.0000000,      0.00, 0, 0, 0, 0
Dose,    0,  0,  0,  0, 37, 40,    0.0000000,     0.0000000,      0.00, 0, 0, 0, 0
Dose,    0,  0,  0,  0, 37, 50,    0.0000000,     0.0000000,      0.00, 0, 0, 0, 0
Dose,    0,  0,  0,  0, 38,  0,    0.0000000,     0.0000000,      0.00, 0, 0, 0, 0
Dose,    0,  0,  0,  0, 38, 10,    0.0000000,     0.0000000,      0.00, 0, 0, 0, 0
Dose,    0,  0,  0,  0, 38, 20,    0.0000000,     0.0000000,      0.00, 0, 0, 0, 0
Dose,    0,  0,  0,  0, 38, 30,    0.0000000,     0.0000000,      0.00, 0, 0, 0, 0
Dose,    0,  0,  0,  0, 38, 40,    0.0000000,     0.0000000,      0.00, 0, 0, 0, 0
Dose,    0,  0,  0,  0, 38, 50,    0.0000000,     0.0000000,      0.00, 0, 0, 0, 0
Dose,    0,  0,  0,  0, 39,  0,    0.0000000,     0.0000000,      0.00, 0, 0, 0, 0
Dose,    0,  0,  0,  0, 39, 10,    0.0000000,     0.0000000,      0.00, 0, 0, 0, 0
Dose,    0,  0,  0,  0, 39, 20,    0.0000000,     0.0000000,      0.00, 0, 0, 0, 0
Dose,    0,  0,  0,  0, 39, 30,    0.0000000,     0.0000000,      0.00, 0, 0, 0, 0
Dose,    0,  0,  0,  0, 39, 40,    0.0000000,     0.0000000,      0.00, 0, 0, 0, 0
Dose,    0,  0,  0,  0, 39, 50,    0.0000000,     0.0000000,      0.00, 0, 0, 0, 0
Dose,    0,  0,  0,  0, 40,  0,    0.0000000,     0.0000000,      0.00, 0, 0, 0, 0
Dose,    0,  0,  0,  0, 40, 10,    0.0000000,     0.0000000,      0.00, 0, 0, 0, 0
Dose,    0,  0,  0,  0, 40, 20,    0.0000000,     0.0000000,      0.00, 0, 0, 0, 0
Dose,    0,  0,  0,  0, 40, 30,    0.0000000,     0.0000000,      0.00, 0, 0, 0, 0
Dose,    0,  0,  0,  0, 40, 40,    0.0000000,     0.0000000,      0.00, 0, 0, 0, 0
Dose,    0,  0,  0,  0, 40, 50,    0.0000000,     0.0000000,      0.00, 0, 0, 0, 0
Dose,    0,  0,  0,  0, 41,  0,    0.0000000,     0.0000000,      0.00, 0, 0, 0, 0
Dose,    0,  0,  0,  0, 41, 10,    0.0000000,     0.0000000,      0.00, 0, 0, 0, 0
Dose,    0,  0,  0,  0, 41, 20,    0.0000000,     0.0000000,      0.00, 0, 0, 0, 0
Dose,    0,  0,  0,  0, 41, 30,    0.0000000,     0.0000000,      0.00, 0, 0, 0, 0
Dose,    0,  0,  0,  0, 41, 40,    0.0000000,     0.0000000,      0.00, 0, 0, 0, 0
Dose,    0,  0,  0,  0, 41, 50,    0.0000000,     0.0000000,      0.00, 0, 0, 0, 0
Dose,    0,  0,  0,  0, 42,  0,    0.0000000,     0.0000000,      0.00, 0, 0, 0, 0
Dose,    0,  0,  0,  0, 42, 10,    0.0000000,     0.0000000,      0.00, 0, 0, 0, 0
