$PPFLS,R*27
$PPFLU,S,2,30,20,1,O,0,0.0,58:47,187.6,2.8,-0.1,1,0,1.1,5.3,*40
$PPFLT,0,0,0,0,0,0,0,0,0,0,0,0,0,0,0,0*5E
$PPFLB,0,1,1,1,1,1,1,1,2,0,1,0,0,0,2,0*48
$PPFLT,0,0,0,1,1,2,1,1,0,1,1,1,0,0,0,0*5D
$PPCP1,3.70,0,2.37,7.84,5.24,21.44,1070,00,57.50,34.66,19.06,7.98,16.88*0E
$PPFLU,S,2,30,20,1,R,3,2.0,58:54,188.6,2.8,-0.1,0,0,1.1,5.3,*50
$PPFLB,1,1,2,0,0,1,1,1,0,0,0,0,0,1,2,0*48
$PPFLT,1,0,0,0,1,0,0,1,0,1,0,1,1,1,0,0*5F
$PVBAT,0.89,2.00,Sep 12 2016,20:17:03,*39
$PPRB2,78.52,OK,19.63,*23
$therm,-64.83,2198.80,4.8708*79
$PPOXY,86.90,1432,-11.13*4E
$PPAIR,90.49,1500,-9.58*6F
$PPPOM,325.8,302.3,131.1,0.6614,12.1,0000.00000,00000.00000,0.0,0,14/08/18,19:51:00
$PPOZN,325.8*55
$PPCP2,22.09,Ext,13.25,*64
$PPCP1,3.70,0,2.38,7.91,5.24,21.44,1070,00,57.54,35.70,19.05,7.98,16.83*0F
$PPFLU,S,2,30,20,1,R,6,2.2,58:54,188.6,2.8,-0.1,0,0,1.1,5.3,*57
$PPRB1,72.68,OK,30.50,*28
$PPFLB,4,3,2,1,0,0,1,0,1,1,0,0,0,0,1,1*4D
$PPFLT,0,1,0,1,1,1,0,1,1,1,0,1,0,0,0,0*5E
$PPFLB,4,2,2,2,0,2,0,1,0,1,0,0,0,0,1,0*4D
$PPFLT,0,1,1,0,0,0,1,1,0,0,1,0,0,1,1,0*5F
$PPFLU,S,2,30,20,1,R,9,2.3,58:54,188.6,2.8,-0.1,0,0,1.1,5.3,*59
$PPRB1,72.52,OK,30.56,*27
$PPFLB,4,2,0,1,0,1,1,1,0,0,1,0,0,0,1,0*4E
$PPFLT,2,0,0,0,0,0,0,1,1,1,0,1,0,0,1,0*5D
$PPFLB,0,3,2,2,1,1,0,0,0,1,1,0,0,0,0,0*4B
$PPCP2,22.06,Ext,13.23,*6D
$PPFLT,0,0,1,1,0,2,0,0,0,0,0,0,1,0,0,0*5D
$PPFLB,0,3,1,1,1,1,2,0,1,0,0,0,0,0,1,0*49
$PPFLT,2,1,0,0,0,0,2,0,1,1,0,0,0,1,0,0*5E
$PPFLU,S,2,30,20,1,R,16,2.8,58:57,188.3,2.8,XXX,0,0,1.1,5.3,*30
$PPRB1,72.62,OK,30.50,*22
$PPFLB,1,3,1,1,0,1,0,0,0,0,0,0,0,1,0,1*4B
$PPFLT,1,0,1,1,1,0,0,0,0,0,1,1,0,1,0,1*5E
$PPFLB,2,5,3,2,2,1,3,2,1,1,2,2,1,0,0,2*4F
$PPFLT,0,2,2,2,3,2,2,3,1,1,2,1,1,1,0,2*5D
$PPFLB,0,3,1,0,1,0,1,0,0,0,1,1,1,2,0,0*49
$PPFLT,1,1,0,0,1,1,1,0,1,0,1,0,0,0,1,0*5E
$PPFLB,6,3,1,1,0,1,0,0,1,1,1,1,0,1,0,0*4D
$PPFLT,1,0,0,1,0,0,0,1,0,0,0,0,0,1,0,0*5E
$PPFLU,S,2,30,20,1,R,26,3.6,59:01,188.3,XXX,XXX,0,0,XXX,XXX,*44
$PPFLB,5,4,3,0,0,2,2,0,1,0,0,2,2,0,1,0*4A
$PPRB2,78.43,OK,19.56,*25
$PPFLT,1,1,1,1,1,1,1,0,0,0,0,0,1,0,0,0*5E
$PPHTR,29.88,0,-13.50,34,-14.56,45, 1.56,, 9.31,13,23.81,0,DISC,-62.08,*7F
$PPCP1,3.70,0,2.38,7.90,5.24,21.45,1070,00,57.46,32.57,19.03,7.98,17.18*0B
$PPFLU,S,2,30,20,1,R,30,3.9,59:01,188.3,XXX,XXX,0,0,XXX,XXX,*4C
$PPFLB,1,3,4,0,3,1,0,2,0,1,0,0,0,0,0,0*4F
$PPFLT,1,0,0,0,1,0,0,1,1,1,0,0,1,0,0,0*5E
$PPFLB,0,0,4,0,1,0,0,0,1,0,1,0,0,0,1,0*4C
$PPFLT,0,0,1,0,1,2,0,1,0,1,0,1,0,1,2,0*5E
$PPFLB,2,1,5,0,0,0,0,1,0,0,1,0,0,0,0,0*4E
$PPFLT,0,0,0,1,0,0,0,0,1,0,0,0,1,1,1,0*5F
$PPFLB,0,0,5,1,0,1,0,0,0,0,1,0,0,0,0,0*4C
$PPFLT,1,0,0,0,0,0,1,1,1,1,0,1,0,1,0,0*5F
$PPFLU,S,2,30,20,1,R,40,5.1,59:05,186.1,XXX,XXX,0,0,XXX,XXX,*4D
$PPRB1,72.45,OK,30.50,*27
$PPFLB,1,1,3,2,1,0,0,0,1,1,0,0,0,0,1,0*49
$PPFLT,0,1,0,0,0,0,1,0,0,1,0,0,0,1,0,1*5F
$PPBAT,85.1%,13.050V,25C,-11.699A,-153W,10.0h,-22.316Ah*17
$therm,-64.94,1987.20,4.4116*75
$PPHTR,29.88,0,-13.50,34,-14.56,45, 1.50,,DISC,0,23.81,0,DISC,-62.23,*6A
$PPRB2,78.43,OK,19.56,*25
$LXWP0,Y,185.4,12149.5,-1.47,,,,,,263,267,145.8*6B
$PPFLB,2,0,1,3,0,0,1,0,2,1,0,0,0,0,0,0*4A
$PPFLT,0,0,1,1,0,1,0,1,0,0,1,0,0,1,1,0*5F
$PPCP1,3.70,0,2.37,7.84,5.20,21.49,1070,00,57.50,36.57,19.00,7.98,16.60*07
$PPFLU,S,2,30,20,1,R,43,5.5,59:05,185.4,XXX,XXX,0,0,XXX,XXX,*4C
$PPRB1,72.52,OK,30.50,*21
$PPRB2,78.47,OK,19.56,*21
$PPOXY,86.92,1432,-11.21*4D
$PPAIR,90.36,1497,-9.73*61
$PPFLB,0,0,0,3,0,0,0,0,1,0,0,0,0,1,0,0*4B
$PPFLT,0,0,0,0,0,0,0,1,0,0,0,1,0,1,0,0*5F
$GPRMC,185907.00,A,5032.00849,S,07241.28538,W,20.089,245.23,140818,,,A*53
$therm,-64.97,2005.60,4.4772*76
$PPCP2,22.18,Ext,13.25,*64
$PPCP1,3.70,0,2.35,7.91,5.24,21.45,1070,00,57.37,37.35,19.00,7.98,16.88*0B
$PPFLU,S,2,30,20,1,R,47,6.0,59:05,185.4,XXX,XXX,0,0,XXX,XXX,*4E
$PPRB1,72.53,OK,30.50,*20
$PPFLB,1,1,0,5,1,0,1,0,0,0,0,0,0,0,0,1*4C
$PPFLT,0,0,1,0,0,1,1,1,0,1,1,0,0,1,0,0*5F
$PPBAT,85.1%,13.051V,25C,-11.823A,-154W,10.0h,-22.322Ah*19
$PPFLB,1,1,0,7,1,0,0,1,1,1,1,0,0,0,0,0*4E
$PPFLT,1,1,1,0,1,0,1,0,0,0,0,0,0,0,1,0*5E
$PPFLB,0,0,1,6,3,0,0,1,0,0,0,1,0,0,0,0*4C
$PPOXY,86.90,1432,-11.13*4E
$PPAIR,90.42,1498,-9.73*6D
$PPFLT,1,0,1,1,0,0,0,0,1,1,0,0,0,0,0,0*5F
$PPFLB,0,1,1,1,5,2,0,1,1,1,0,1,1,0,1,0*4E
$PPFLT,1,0,0,0,0,0,0,0,1,0,0,0,0,0,0,0*5E
$PPHTR,29.88,0,-13.50,34,-14.56,45, 1.50,, 9.25,14,23.75,0,DISC,-62.23,*79
$PPBAT,85.1%,13.038V,25C,-12.270A,-160W,10.0h,-22.329Ah*15
$PPRB2,78.52,OK,19.56,*25
$therm,-64.90,2019.40,4.4772*7E
$PPFLB,0,0,1,1,4,1,1,0,0,1,0,0,0,0,0,0*4D
$PPFLT,1,1,2,1,0,0,1,0,0,0,0,0,0,1,1,0*5C
$PPFLB,2,0,0,0,5,1,0,0,0,1,0,0,0,0,0,0*4F
$PPRB2,78.57,OK,19.56,*20
$PPFLT,1,1,1,1,2,1,0,1,0,0,0,0,0,0,0,0*5C
$PPFLB,0,0,0,0,2,2,1,0,0,0,1,1,0,0,0,0*49
$PPCP1,3.70,0,2.34,7.91,5.22,21.45,1070,00,57.37,32.92,19.00,7.98,16.89*05
$PPRB1,72.64,OK,30.50,*24
$PPFLU,S,2,30,20,1,R,60,8.4,59:09,184.6,XXX,XXX,0,0,XXX,XXX,*4E
$PPFLT,1,0,1,0,1,1,0,0,0,1,0,0,0,1,0,0*5E
$PPHTR,29.88,0,-13.50,34,-14.50,45, 1.50,, 9.25,14,23.75,0,DISC,-62.31,*7C
$PPBAT,85.1%,13.038V,25C,-12.155A,-158W,10.0h,-22.335Ah*17
$PPRB2,78.75,OK,19.56,*20
$PPFLB,0,0,2,0,2,3,0,0,1,0,0,1,0,1,0,0*4A
$PPFLT,1,1,0,1,0,1,0,0,0,0,0,0,0,1,0,0*5F
$PPFLB,2,2,2,1,0,3,1,1,0,0,0,0,0,0,0,0*48
$PPFLT,1,0,1,0,0,1,0,1,1,0,0,0,0,0,0,0*5F
$PPRB2,78.77,OK,19.56,*22
$PPOXY,86.92,1432,-11.21*4D
$PPAIR,90.39,1498,-9.65*66
$GPRMC,185913.00,A,5032.02379,S,07241.33217,W,20.512,240.66,140818,,,A*5F
$PPFLB,2,0,1,0,0,3,2,2,0,1,0,1,1,0,0,1*48
$PPCP2,21.93,Ext,13.21,*60
$PPFLT,1,1,1,1,0,0,0,0,1,0,0,0,0,0,0,0*5F
$PPCP1,3.70,0,2.37,7.88,5.22,21.45,1070,00,57.59,34.35,18.98,7.98,16.53*0A
$PPRB1,72.43,OK,30.50,*21
$PPFLU,S,2,30,20,1,R,67,9.9,59:13,184.6,XXX,XXX,0,0,XXX,XXX,*4E
$PPFLB,1,1,0,1,0,1,3,0,0,0,0,0,1,0,0,0*4A
$PPFLT,1,0,0,0,0,0,0,1,0,0,1,1,0,0,1,0*5F
$therm,-64.96,2060.80,4.5756*7D
$PPCP1,3.70,0,2.39,7.88,5.22,21.49,1070,00,57.37,35.05,18.98,7.98,16.87*0B
$PPFLU,S,2,30,20,1,R,70,10.8,59:13,184.6,XXX,XXX,0,0,XXX,XXX,*71
$PPRB1,72.48,OK,30.50,*2A
$PPFLB,1,1,2,1,2,0,2,0,0,1,1,0,1,0,0,0*4A
$PPFLT,1,1,0,1,0,0,1,0,0,0,0,1,0,0,1,0*5E
$PPFLB,1,0,1,1,0,1,2,0,1,0,0,0,1,0,0,0*4A
$PPPOM,336.2,301.8,129.7,0.6588,12.1,0000.00000,00000.00000,0.0,0,14/08/18,19:51:20
$PPOZN,336.2*5D
$PPFLT,1,2,0,0,0,0,2,0,1,0,0,0,1,0,0,1*5E
$therm,-65.02,2033.20,4.4772*7A
$PPCP2,21.99,Ext,13.22,*69
$PPCP1,3.70,0,2.39,7.88,5.24,21.49,1070,00,57.37,35.83,18.98,7.98,16.84*00
$PPRB1,72.37,OK,30.50,*22
$PPFLU,S,2,30,20,1,R,73,11.7,59:15,184.6,XXX,XXX,0,0,XXX,XXX,*7A
$PPHTR,29.88,0,-13.50,34,-14.50,45, 1.50,,DISC,0,23.75,0,DISC,-62.31,*64
$PPRB2,79.05,OK,19.56,*26
$PPBAT,85.1%,13.037V,25C,-12.455A,-162W,10.0h,-22.349Ah*1F
$PPFLB,1,0,0,1,1,1,0,1,1,0,0,0,0,0,0,1*49
$PPFLT,1,1,0,1,0,0,0,1,0,1,0,1,0,1,0,0*5F
$PPCP1,3.70,0,2.40,7.88,5.22,21.45,1070,00,57.46,36.61,18.99,7.97,16.06*09
$PPFLU,S,2,30,20,1,R,77,12.7,59:15,184.6,XXX,XXX,0,0,XXX,XXX,*7D
$PPFLB,2,0,2,0,0,0,1,1,0,0,0,1,1,0,1,0*49
$PPRB1,72.40,OK,30.50,*22
$PPFLT,0,0,0,0,0,0,0,1,0,0,1,0,1,0,1,0*5E
$PPFLB,2,0,1,0,1,2,1,4,8,3,1,1,0,0,0,0*46
$PPFLT,0,1,0,0,1,0,0,0,1,1,0,0,0,0,0,0*5E
$PPCP2,22.08,Ext,13.15,*66
$PPCP1,3.70,0,2.37,7.85,5.22,21.49,1070,00,57.37,36.83,18.97,7.97,16.85*07
$PPRB1,72.35,OK,30.50,*20
$PPFLU,S,2,30,20,1,R,80,13.8,59:17,184.6,XXX,XXX,0,0,XXX,XXX,*79
$PPHTR,29.88,0,-13.50,34,-14.50,45, 1.44,, 9.25,OPEN,23.75,0,DISC,-62.31,*68
$PPBAT,85.0%,13.038V,25C,-12.423A,-162W,10.0h,-22.356Ah*1E
$PPFLB,2,0,0,0,0,2,0,1,19,3,1,0,1,1,0,0*73
$PPRB2,78.92,OK,19.56,*29
$PPFLT,1,0,1,0,0,0,2,1,1,0,0,0,1,0,0,0*5D
$PPFLU,S,2,30,20,1,R,84,15.0,59:17,184.6,XXX,XXX,0,0,XXX,XXX,*73
$PPFLB,2,1,0,1,1,1,2,2,8,6,3,0,1,0,0,0*46
$PPFLT,1,1,0,0,1,1,1,0,1,1,0,1,0,0,0,0*5E
$PPRB1,72.44,OK,30.50,*26
$PPRB2,78.97,OK,19.50,*2A
$PPOXY,86.89,1431,-11.29*4C
$PPAIR,90.36,1497,-9.73*61
$LXWP0,Y,185.2,12132.5,-1.18,,,,,,261,267,146.1*63
$GPRMC,185919.00,A,5032.04199,S,07241.37946,W,21.711,237.28,140818,,,A*5E
$PPFLB,1,0,0,1,1,1,1,0,3,5,0,1,0,0,0,0*4E
$PPFLT,1,0,0,1,0,1,0,0,1,1,1,0,0,1,0,0*5F
$PPFLB,5,1,1,0,1,0,1,0,0,0,3,1,1,0,1,1*4E
$PPBAT,85.0%,13.034V,25C,-12.427A,-162W,10.0h,-22.363Ah*10
$PPFLT,1,0,0,0,0,0,0,0,1,1,3,1,0,1,1,0*5D
$PPFLB,0,0,0,0,0,0,0,0,0,0,0,1,0,1,0,0*48
$PPFLT,1,0,1,0,0,1,1,0,2,2,5,2,1,1,0,0*59
$PPCP1,3.70,0,2.40,7.91,5.24,21.46,1070,00,57.54,27.97,18.96,7.98,16.54*09
$PPFLU,S,2,30,20,1,R,90,17.7,59:17,185.2,XXX,XXX,0,0,XXX,XXX,*76
$PPRB1,72.47,OK,30.50,*25
$PPRB2,78.91,OK,19.50,*2C
$PPOXY,86.89,1431,-11.29*4C
$PPAIR,90.36,1497,-9.73*61
$therm,-65.05,2175.80,4.8380*71
$LXWP0,Y,185.5,12129.4,-1.20,,,,,,261,267,146.2*67
$GPRMC,185921.00,A,5032.04868,S,07241.39542,W,22.350,236.42,140818,,,A*5B
$PPFLB,1,0,0,0,0,0,1,0,0,1,1,8,2,1,1,0*42
$PPFLT,0,0,0,0,1,0,0,1,0,0,1,8,2,1,1,0*55
$PPFLB,5,3,2,0,3,3,1,1,3,3,4,16,13,5,3,2*49
$PPHTR,29.88,0,-13.50,34,-14.44,44, 1.44,, 9.25,14,23.75,0,DISC,-62.38,*74
$PPRB2,78.92,OK,19.50,*2F
$PPFLT,1,0,1,1,1,0,1,1,2,3,3,14,10,3,2,0*59
$PPBAT,85.0%,13.061V,25C,-11.156A,-146W,10.0h,-22.370Ah*14
$therm,-65.08,2244.80,4.9528*78
$PPFLB,2,2,3,1,1,0,0,0,2,1,3,7,9,3,2,1*45
$PPFLT,0,0,0,0,0,1,1,0,0,0,1,6,8,3,1,1*52
$PPCP1,3.70,0,2.37,7.91,5.22,21.46,1070,00,57.29,35.79,18.96,7.98,16.83*0C
$PPFLU,S,2,30,20,1,R,97,2.0,59:21,185.2,XXX,XXX,0,0,XXX,XXX,*47
$PPRB1,72.47,OK,30.50,*25
$PPRB2,79.00,OK,19.50,*25
$PPOXY,86.89,1431,-11.29*4C
$PPAIR,90.36,1497,-9.73*61
$LXWP0,Y,186.8,12125.0,-1.23,,,,,,261,267,146.2*62
$PPFLB,1,1,1,0,0,0,0,0,1,1,1,1,2,1,1,0*4B
$GPRMC,185923.00,A,5032.05554,S,07241.41191,W,22.942,237.79,140818,,,A*5F
$PPFLT,0,0,0,0,0,1,0,0,0,0,0,2,2,0,0,0*5F
$PPFLU,S,2,30,20,1,O,100,2.0,59:21,186.8,XXX,XXX,0,0,XXX,XXX,*6C
$PPFLU,S,2,30,20,1,O,100,2.0,59:21,190.3,3.3,XXX,0,0,0.1,5.4,*16
$PPFLU,S,2,30,20,1,O,100,2.0,59:28,190.3,3.3,0.2,0,0,0.1,5.4,*6B
