PPAA 64128 /////
44385 25523 25038 21524 44340 20516 24035 24529 44320 26542
27048 27562
77999

PPBB 64128 /////
21212 00973 09004 11973 25013 22910 27518 33840 25524 44800
27025 55721 24527 66700 25038 77586 24029 88484 21025 99409
21518 11391 19016 22389 19515 33367 24025 44348 23529 55325
26031 66294 24035 77286 23531 88269 26016 99266 26518 11240
24024 22209 27032 33197 26044 44156 26051 55122 28050 66106
27056 77103 27059

PPCC 64128 /////
44370 27582 27590 27121 44220 27134 28145
66059 27664 418//

PPDD 64128 /////
21212 11908 28569 22865 27579 33785 26577 44563 28084 55542
28082 66257 27634 77220 27127 88185 27143 99182 27140 11133
28123 22114 28641 33107 28153 44093 28638 55059 27664
