TTAA 64121 /////
99973 01357 09004 00519 ///// ///// 92623 01760 26518 85280
07559 25523 70748 19538 25038 50515 39940 21524 40662 54139
20516 30842 58157 24035 25957 59359 24529 20096 58560 26542
15275 56161 27048 10530 56763 27562
88346 60545 24028
77999
31313 40708 81158

TTBB 64128 /////
00973 01357 11970 00657 22921 01960 33843 07959 44721 18520
55713 18918 66665 21956 77612 27158 88458 45732 99387 56340
11346 60545 22341 58550 33318 59757 44291 57158 55282 58159
66277 56759 77252 59559 88217 58360 99213 57560 11190 60360
22175 59961 33168 57561 44153 56161 55143 56961 66136 54962
77121 54963 88102 56763
21212 11973 09004 22973 25013 33910 27518 44840 25524 55800
27025 66721 24527 77700 25038 88586 24029 99484 21025 11409
21518 22391 19016 33389 19515 44367 24025 55348 23529 66325
26031 77294 24035 88286 23531 99269 26016 11266 26518 22240
24024 33209 27032 44197 26044 55156 26051 66122 28050 77106
27056 88103 27059
31313 40708 81158
41414 /////
51515 77990 13542 26530 60876 28558 24031
