TTCC 64121 /////
70753 55365 27582 50960 58765 27590 30266 62765 27121 20503
63363 27134 10896 63963 28145
88641 58165 28079
66059 27664 418//
31313 40708 81158

TTDD 6412/ /////
11702 54765 22637 58365 33583 56565 44417 62165 55318 61564
66242 65764 77236 61566 88227 60965 99192 64163 11163 61363
22114 66764 33101 63364 44082 62964 55060 69161 66059 69572
21212 11908 28569 22865 27579 33785 26577 44563 28084 55542
28082 66257 27634 77220 27127 88185 27143 99182 27140 11133
28123 22114 28641 33107 28153 44093 28638 55059 27664
31313 40708 81158
