PPAA 64118 /////
44385 28064 28064 28559 44340 28559 27057 26550 44320 28567
26570 26597
77999

PPBB 64118 /////
21212 00989 18010 11988 28064 22331 28566 33329 28567 44257
26551 55235 27045 66205 28565 77198 28069 88167 26565 99150
26570 11113 26597 22106 26090

PPCC 64118 /////
44370 27086 26600 27139 44220 28146 28142
66079 27658 424//

PPDD 64118 /////
21212 11810 27084 22527 26099 33512 26602 44472 27093 55370
27616 66263 26648 77255 26651 88188 27642 99167 28658 11164
28657 22149 28145 33135 27658 44094 28136 55079 27658
