TTCC 64111 /////
70796 67968 27086 50997 70767 26600 30295 74168 27139 20533
72770 28146 10954 67775 28142
88728 67768 26590
66079 27658 424//
31313 40708 81114

TTDD 6411/ /////
11847 63968 22492 70768 33384 76967 44356 71968 55193 73769
66190 72970 77190 72570 88191 69970 99190 68571 11189 65771
22185 63973 33155 67972 44146 61975 55088 70175 66079 66577
21212 11810 27084 22527 26099 33512 26602 44472 27093 55370
27616 66263 26648 77255 26651 88188 27642 99167 28658 11164
28657 22149 28145 33135 27658 44094 28136 55079 27658
31313 40708 81114
