TTAA 64111 /////
99989 13660 18010 00111 ///// ///// 92764 10260 28064 85461
06060 28064 70020 04559 28064 50559 21966 28559 40718 36959
28559 30910 53162 27057 25024 63557 26550 20159 67359 28567
15335 65565 26570 10580 67565 26597
88225 67957 27553 88141 67164 27074
77999
31313 40708 81114

TTBB 64118 /////
00989 13660 11756 00259 22780 00259 33586 12358 44575 13558
55585 13558 66577 14557 77548 17556 88489 23368 99488 23368
11364 42957 22327 49359 33309 51763 44234 66956 55225 67957
66191 66759 77172 62566 88168 63166 99141 67164 11126 64765
22102 67766
21212 11989 18010 22988 28064 33331 28566 44329 28567 55257
26551 66235 27045 77205 28565 88198 28069 99167 26565 11150
26570 22113 26597 33106 26090
31313 40708 81114
41414 /////
51515 77211 01459 28064 60218 11358 28064
