TTAA 75111 /////
99971 07257 09004 00541 ///// ///// 92617 07660 29506 85304
02458 30517 70837 08539 29551 50536 23963 30541 40695 36962
30536 30887 52761 30028 25001 62756 29539 20134 73157 30060
15302 63765 28086 10549 65375 28097
88185 75957 30574 88107 66172 28091
77999
31313 40708 81059

TTBB 75118 /////
00971 07257 11971 05456 22967 09857 33960 10461 44951 09861
55867 03257 66806 00257 77660 11929 88649 11156 99646 11557
11464 27365 22452 28965 33358 43959 44338 46958 55320 48764
66319 48764 77261 60957 88233 65938 99185 75957 11183 75559
22176 72156 33173 72344 44162 72958 55156 69560 66151 63964
77142 62769 88135 63372 99121 63371 11103 66375 22100 65375
21212 11971 09004 22869 34008 33865 32510 44841 29523 55808
29042 66805 29043 77741 30538 88740 30538 99644 29566 11563
29555 22484 31037 33480 31037 44339 29537 55322 31034 66288
29528 77242 29043 88164 30088 99161 30090 11153 28086 22126
27586 33117 28082
31313 40708 81059
41414 /////
51515 77041 02756 29042 60010 15559 29564
