PPAA 75118 /////
44385 30517 29551 30541 44340 30536 30028 29539 44320 30060
28086 28097
77999

PPBB 75118 /////
21212 00971 09004 11869 34008 22865 32510 33841 29523 44808
29042 55805 29043 66741 30538 77740 30538 88644 29566 99563
29555 11484 31037 22480 31037 33339 29537 44322 31034 55288
29528 66242 29043 77164 30088 88161 30090 99153 28086 11126
27586 22117 28082

PPCC 75118 /////
44370 29112 28606 28645 44120 28652
66134 27694 423//

PPDD 75118 /////
21212 11916 28106 22679 29113 33567 28102 44435 28624 55372
28615 66294 28646 77256 29631 88239 29129 99194 28165 11159
28169 22160 27683 33157 27694 44147 27683 55134 27694
