0000,     0.0000000,      0.00, 0, 0, 0, 0
Dose, 2018,  9, 11, 17, 29, 40,    0.0000000,     0.0000000,      0.00, 0, 0, 0, 0
Dose, 2018,  9, 11, 17, 29, 50,    0.0000000,     0.0000000,      0.00, 0, 0, 0, 0
Dose, 2018,  9, 11, 17, 30,  0,    0.0000000,     0.0000000,      0.00, 0, 0, 0, 0
Dose, 2018,  9, 11, 17, 30, 10,    0.0000000,     0.0000000,      0.00, 0, 0, 0, 0
Dose, 2018,  9, 11, 17, 30, 20,    0.0000000,     0.0000000,      0.00, 0, 0, 0, 0
Dose, 2018,  9, 11, 17, 30, 30,    0.0000000,     0.0000000,      0.00, 0, 0, 0, 0
Dose, 2018,  9, 11, 17, 30, 40,    0.0000000,     0.0000000,      0.00, 0, 0, 0, 0
Dose, 2018,  9, 11, 17, 30, 50,    0.0000000,     0.0000000,      0.00, 0, 0, 0, 0
Dose, 2018,  9, 11, 17, 31,  0,    0.0000000,     0.0000000,      0.00, 0, 0, 0, 0
Dose, 2018,  9, 11, 17, 31, 10,    0.0000000,     0.0000000,      0.00, 0, 0, 0, 0
Dose, 2018,  9, 11, 17, 31, 20,    0.0000000,     0.0000000,      0.00, 0, 0, 0, 0
Dose, 2018,  9, 11, 17, 31, 30,    0.0000000,     0.0000000,      0.00, 0, 0, 0, 0
Dose, 2018,  9, 11, 17, 31, 40,    0.0000000,     0.0000000,      0.00, 0, 0, 0, 0
Dose, 2018,  9, 11, 17, 31, 50,    0.0000000,     0.0000000,      0.00, 0, 0, 0, 0
Dose, 2018,  9, 11, 17, 32,  0,    0.0000000,     0.0000000,      0.00, 0, 0, 0, 0
Dose, 2018,  9, 11, 17, 32, 10,    0.0000000,     0.0000000,      0.00, 0, 0, 0, 0
Dose, 2018,  9, 11, 17, 32, 20,    0.0000000,     0.0000000,      0.00, 0, 0, 0, 0
Dose, 2018,  9, 11, 17, 32, 30,    0.0000000,     0.0000000,      0.00, 0, 0, 0, 0
Dose, 2018,  9, 11, 17, 32, 40,    0.0000000,     0.0000000,      0.00, 0, 0, 0, 0
Dose, 2018,  9, 11, 17, 32, 50,    0.0000000,     0.0000000,      0.00, 0, 0, 0, 0
Dose, 2018,  9, 11, 17, 33,  0,    0.0000000,     0.0000000,      0.00, 0, 0, 0, 0
Dose, 2018,  9, 11, 17, 33, 10,    0.0000000,     0.0000000,      0.00, 0, 0, 0, 0
Dose, 2018,  9, 11, 17, 33, 20,    0.0000000,     0.0000000,      0.00, 0, 0, 0, 0
Dose, 2018,  9, 11, 17, 33, 30,    0.0000000,     0.0000000,      0.00, 0, 0, 0, 0
Dose, 2018,  9, 11, 17, 33, 40,    0.0000000,     0.0000000,      0.00, 0, 0, 0, 0
Dose, 2018,  9, 11, 17, 33, 50,    0.0000000,     0.0000000,      0.00, 0, 0, 0, 0
Dose, 2018,  9, 11, 17, 34,  0,    0.0000000,     0.0000000,      0.00, 0, 0, 0, 0
Dose, 2018,  9, 11, 17, 34, 10,    0.0000000,     0.0000000,      0.00, 0, 0, 0, 0
Dose, 2018,  9, 11, 17, 34, 20,    0.0000000,     0.0000000,      0.00, 0, 0, 0, 0
Dose, 2018,  9, 11, 17, 34, 30,    0.0000000,     0.0000000,      0.00, 0, 0, 0, 0
Dose, 2018,  9, 11, 17, 34, 40,    0.0000000,     0.0000000,      0.00, 0, 0, 0, 0
Dose, 2018,  9, 11, 17, 34, 50,    0.0000000,     0.0000000,      0.00, 0, 0, 0, 0
Dose, 2018,  9, 11, 17, 35,  0,    0.0000000,     0.0000000,      0.00, 0, 0, 0, 0
Dose, 2018,  9, 11, 17, 35, 10,    0.0000000,     0.0000000,      0.00, 0, 0, 0, 0
Dose, 2018,  9, 11, 17, 35, 20,    0.0000000,     0.0000000,      0.00, 0, 0, 0, 0
Dose, 2018,  9, 11, 17, 35, 30,    0.0000000,     0.0000000,      0.00, 0, 0, 0, 0
Dose, 2018,  9, 11, 17, 35, 40,    0.0000000,     0.0000000,      0.00, 0, 0, 0, 0
Dose, 2018,  9, 11, 17, 35, 50,    0.0000000,     0.0000000,      0.00, 0, 0, 0, 0
Dose, 2018,  9, 11, 17, 36,  0,    0.0000000,     0.0000000,      0.00, 0, 0, 0, 0
Dose, 2018,  9, 11, 17, 36, 10,    0.0000000,     0.0000000,      0.00, 0, 0, 0, 0
Dose, 2018,  9, 11, 17, 36, 20,    0.0000000,     0.0000000,      0.00, 0, 0, 0, 0
Dose, 2018,  9, 11, 17, 36, 30,    0.0000000,     0.0000000,      0.00, 0, 0, 0, 0
Dose, 2018,  9, 11, 17, 36, 40,    0.0000000,     0.0000000,      0.00, 0, 0, 0, 0
Dose, 2018,  9, 11, 17, 36, 50,    0.0000000,     0.0000000,      0.00, 0, 0, 0, 0
Dose, 2018,  9, 11, 17, 37,  0,    0.0000000,     0.0000000,      0.00, 0, 0, 0, 0
Dose, 2018,  9, 11, 17, 37, 10,    0.0000000,     0.0000000,      0.00, 0, 0, 0, 0
Dose, 2018,  9, 11, 17, 37, 20,    0.0000000,     0.0000000,      0.00, 0, 0, 0, 0
Dose, 2018,  9, 11, 17, 37, 30,    0.0000000,     0.0000000,      0.00, 0, 0, 0, 0
Dose, 2018,  9, 11, 17, 37, 40,    0.0000000,     0.0000000,      0.00, 0, 0, 0, 0
Dose, 2018,  9, 11, 17, 37, 50,    0.0000000,     0.0000000,      0.00, 0, 0, 0, 0
Dose, 2018,  9, 11, 17, 38,  0,    0.0000000,     0.0000000,      0.00, 0, 0, 0, 0
Dose, 2018,  9, 11, 17, 38, 10,    0.0000000,     0.0000000,      0.00, 0, 0, 0, 0
Dose, 2018,  9, 11, 17, 38, 20,    0.0000000,     0.0000000,      0.00, 0, 0, 0, 0
Dose, 2018,  9, 11, 17, 38, 30,    0.0000000,     0.0000000,      0.00, 0, 0, 0, 0
Dose, 2018,  9, 11, 17, 38, 40,    0.0000000,     0.0000000,      0.00, 0, 0, 0, 0
Dose, 2018,  9, 11, 17, 38, 50,    0.0000000,     0.0000000,      0.00, 0, 0, 0, 0
Dose, 2018,  9, 11, 17, 39,  0,    0.0000000,     0.0000000,      0.00, 0, 0, 0, 0
Dose, 2018,  9, 11, 17, 39, 10,    0.0000000,     0.0000000,      0.00, 0, 0, 0, 0
Dose, 2018,  9, 11, 17, 39, 20,    0.0000000,     0.0000000,      0.00, 0, 0, 0, 0
Dose, 2018,  9, 11, 17, 39, 30,    0.0000000,     0.0000000,      0.00, 0, 0, 0, 0
Dose, 2018,  9, 11, 17, 39, 40,    0.0000000,     0.0000000,      0.00, 0, 0, 0, 0
Dose, 2018,  9, 11, 17, 39, 50,    0.0000000,     0.0000000,      0.00, 0, 0, 0, 0
Dose, 2018,  9, 11, 17, 40,  0,    0.0000000,     0.0000000,      0.00, 0, 0, 0, 0
Dose, 2018,  9, 11, 17, 40, 10,    0.0000000,     0.0000000,      0.00, 0, 0, 0, 0
Dose, 2018,  9, 11, 17, 40, 20,    0.0000000,     0.0000000,      0.00, 0, 0, 0, 0
Dose, 2018,  9, 11, 17, 40, 30,    0.0000000,     0.0000000,      0.00, 0, 0, 0, 0
Dose, 2018,  9, 11, 17, 40, 40,    0.0000000,     0.0000000,      0.00, 0, 0, 0, 0
Dose, 2018,  9, 11, 17, 40, 50,    0.0000000,     0.0000000,      0.00, 0, 0, 0, 0
Dose, 2018,  9, 11, 17, 41,  0,    0.0000000,     0.0000000,      0.00, 0, 0, 0, 0
Dose, 2018,  9, 11, 17, 41, 10,    0.0000000,     0.0000000,      0.00, 0, 0, 0, 0
Dose, 2018,  9, 11, 17, 41, 20,    0.0000000,     0.0000000,      0.00, 0, 0, 0, 0
Dose, 2018,  9, 11, 17, 41, 30,    0.0000000,     0.0000000,      0.00, 0, 0, 0, 0
Dose, 2018,  9, 11, 17, 41, 40,    0.0000000,     0.0000000,      0.00, 0, 0, 0, 0
Dose, 2018,  9, 11, 17, 41, 50,    0.0000000,     0.0000000,      0.00, 0, 0, 0, 0
Dose, 2018,  9, 11, 17, 42,  0,    0.0000000,     0.0000000,      0.00, 0, 0, 0, 0
Dose, 2018,  9, 11, 17, 42, 10,    0.0000000,     0.0000000,      0.00, 0, 0, 0, 0
Dose, 2018,  9, 11, 17, 42, 20,    0.0000000,     0.0000000,      0.00, 0, 0, 0, 0
Dose, 2018,  9, 11, 17, 42, 30,    0.0000000,     0.0000000,      0.00, 0, 0, 0, 0
Dose, 2018,  9, 11, 17, 42, 40,    0.0000000,     0.0000000,      0.00, 0, 0, 0, 0
Dose, 2018,  9, 11, 17, 42, 50,    0.0000000,     0.0000000,      0.00, 0, 0, 0, 0
Dose, 2018,  9, 11, 17, 43,  0,    0.0000000,     0.0000000,      0.00, 0, 0, 0, 0
Dose, 2018,  9, 11, 17, 43, 10,    0.0000000,     0.0000000,      0.00, 0, 0, 0, 0
Dose, 2018,  9, 11, 17, 43, 20,    0.0000000,     0.0000000,      0.00, 0, 0, 0, 0
Dose, 2018,  9, 11, 17, 43, 30,    0.0000000,     0.0000000,      0.00, 0, 0, 0, 0
Dose, 2018,  9, 11, 17, 43, 40,    0.0000000,     0.0000000,      0.00, 0, 0, 0, 0
Dose, 2018,  9, 11, 17, 43, 50,    0.0000000,     0.0000000,      0.00, 0, 0, 0, 0
Dose, 2018,  9, 11, 17, 44,  0,    0.0000000,     0.0000000,      0.00, 0, 0, 0, 0
Dose, 2018,  9, 11, 17, 44, 10,    0.0000000,     0.0000000,      0.00, 0, 0, 0, 0
Dose, 2018,  9, 11, 17, 44, 20,    0.0000000,     0.0000000,      0.00, 0, 0, 0, 0
Dose, 2018,  9, 11, 17, 44, 30,    0.0000000,     0.0000000,      0.00, 0, 0, 0, 0
Dose, 2018,  9, 11, 17, 44, 40,    0.0000000,     0.0000000,      0.00, 0, 0, 0, 0
Dose, 2018,  9, 11, 17, 44, 50,    0.0000000,     0.0000000,      0.00, 0, 0, 0, 0
Dose, 2018,  9, 11, 17, 45,  0,    0.0000000,     0.0000000,      0.00, 0, 0, 0, 0
Dose, 2018,  9, 11, 17, 45, 10,    0.0000000,     0.0000000,      0.00, 0, 0, 0, 0
Dose, 2018,  9, 11, 17, 45, 20,    0.0000000,     0.0000000,      0.00, 0, 0, 0, 0
Dose, 2018,  9, 11, 17, 45, 30,    0.0000000,     0.0000000,      0.00, 0, 0, 0, 0
Dose, 2018,  9, 11, 17, 45, 40,    0.0000000,     0.0000000,      0.00, 0, 0, 0, 0
Dose, 2018,  9, 11, 17, 45, 50,    0.0000000,     0.0000000,      0.00, 0, 0, 0, 0
Dose, 2018,  9, 11, 17, 46,  0,    0.0000000,     0.0000000,      0.00, 0, 0, 0, 0
Dose, 2018,  9, 11, 17, 46, 10,    0.0000000,     0.0000000,      0.00, 0, 0, 0, 0
Dose, 2018,  9, 11, 17, 46, 20,    0.0000000,     0.0000000,      0.00, 0, 0, 0, 0
Dose, 2018,  9, 11, 17, 46, 30,    0.0000000,     0.0000000,      0.00, 0, 0, 0, 0
Dose, 2018,  9, 11, 17, 46, 40,    0.0000000,     0.0000000,      0.00, 0, 0, 0, 0
Dose, 2018,  9, 11, 17, 46, 50,    0.0000000,     0.0000000,      0.00, 0, 0, 0, 0
Dose, 2018,  9, 11, 17, 47,  0,    0.0000000,     0.0000000,      0.00, 0, 0, 0, 0
Dose, 2018,  9, 11, 17, 47, 10,    0.0000000,     0.0000000,      0.00, 0, 0, 0, 0
Dose, 2018,  9, 11, 17, 47, 20,    0.0000000,     0.0000000,      0.00, 0, 0, 0, 0
Dose, 2018,  9, 11, 17, 47, 30,    0.0000000,     0.0000000,      0.00, 0, 0, 0, 0
Dose, 2018,  9, 11, 17, 47, 40,    0.0000000,     0.0000000,      0.00, 0, 0, 0, 0
Dose, 2018,  9, 11, 17, 47, 50,    0.0000000,     0.0000000,      0.00, 0, 0, 0, 0
Dose, 2018,  9, 11, 17, 48,  0,    0.0000000,     0.0000000,      0.00, 0, 0, 0, 0
Dose, 2018,  9, 11, 17, 48, 10,    0.0000000,     0.0000000,      0.00, 0, 0, 0, 0
Dose, 2018,  9, 11, 17, 48, 20,    0.0000000,     0.0000000,      0.00, 0, 0, 0, 0
Dose, 2018,  9, 11, 17, 48, 30,    0.0000000,     0.0000000,      0.00, 0, 0, 0, 0
Dose, 2018,  9, 11, 17, 48, 40,    0.0000000,     0.0000000,      0.00, 0, 0, 0, 0
Dose, 2018,  9, 11, 17, 48, 50,    0.0000000,     0.0000000,      0.00, 0, 0, 0, 0
Dose, 2018,  9, 11, 17, 49,  0,    0.0000000,     0.0000000,      0.00, 0, 0, 0, 0
Dose, 2018,  9, 11, 17, 49, 10,    0.0000000,     0.0000000,      0.00, 0, 0, 0, 0
Dose, 2018,  9, 11, 17, 49, 20,    0.0000000,     0.0000000,      0.00, 0, 0, 0, 0
Dose, 2018,  9, 11, 17, 49, 30,    0.0000000,     0.0000000,      0.00, 0, 0, 0, 0
Dose, 2018,  9, 11, 17, 49, 40,    0.0000000,     0.0000000,      0.00, 0, 0, 0, 0
Dose, 2018,  9, 11, 17, 49, 50,    0.0000000,     0.0000000,      0.00, 0, 0, 0, 0
Dose, 2018,  9, 11, 17, 50,  0,    0.0000000,     0.0000000,      0.00, 0, 0, 0, 0
Dose, 2018,  9, 11, 17, 50, 10,    0.0000000,     0.0000000,      0.00, 0, 0, 0, 0
Dose, 2018,  9, 11, 17, 50, 20,    0.0000000,     0.0000000,      0.00, 0, 0, 0, 0
Dose, 2018,  9, 11, 17, 50, 30,    0.0000000,     0.0000000,      0.00, 0, 0, 0, 0
Dose, 2018,  9, 11, 17, 50, 40,    0.0000000,     0.0000000,      0.00, 0, 0, 0, 0
Dose, 2018,  9, 11, 17, 50, 50,    0.0000000,     0.0000000,      0.00, 0, 0, 0, 0
Dose, 2018,  9, 11, 17, 51,  0,    0.0000000,     0.0000000,      0.00, 0, 0, 0, 0
Dose, 2018,  9, 11, 17, 51, 10,    0.0000000,     0.0000000,      0.00, 0, 0, 0, 0
Dose, 2018,  9, 11, 17, 51, 20,    0.0000000,     0.0000000,      0.00, 0, 0, 0, 0
Dose, 2018,  9, 11, 17, 51, 30,    0.0000000,     0.0000000,      0.00, 0, 0, 0, 0
Dose, 2018,  9, 11, 17, 51, 40,    0.0000000,     0.0000000,      0.00, 0, 0, 0, 0
Dose, 2018,  9, 11, 17, 51, 50,    0.0000000,     0.0000000,      0.00, 0, 0, 0, 0
Dose, 2018,  9, 11, 17, 52,  0,    0.0000000,     0.0000000,      0.00, 0, 0, 0, 0
Dose, 2018,  9, 11, 17, 52, 10,    0.0000000,     0.0000000,      0.00, 0, 0, 0, 0
Dose, 2018,  9, 11, 17, 52, 20,    0.0000000,     0.0000000,      0.00, 0, 1, 0, 0
Dose, 2018,  9, 11, 17, 52, 30,    0.0000000,     0.0000000,      0.00, 0, 0, 0, 0
Dose, 2018,  9, 11, 17, 52, 40,    0.0000000,     0.0000000,      0.00, 0, 0, 0, 0
Dose, 2018,  9, 11, 17, 52, 50,    0.0000000,     0.0000000,      0.00, 0, 0, 0, 0
Dose, 2018,  9, 11, 17, 53,  0,    0.0000000,     0.0000000,      0.00, 0, 0, 0, 0
Dose, 2018,  9, 11, 17, 53, 10,    0.0000000,     0.0000000,      0.00, 0, 0, 0, 0
Dose, 2018,  9, 11, 17, 53, 20,    0.0000000,     0.0000000,      0.00, 0, 0, 0, 0
Dose, 2018,  9, 11, 17, 53, 30,    0.0000000,     0.0000000,      0.00, 0, 0, 0, 0
Dose, 2018,  9, 11, 17, 53, 40,    0.0000000,     0.0000000,      0.00, 0, 0, 0, 0
Dose, 2018,  9, 11, 17, 53, 50,    0.0000000,     0.0000000,      0.00, 0, 0, 0, 0
Dose, 2018,  9, 11, 17, 54,  0,    0.0000000,     0.0000000,      0.00, 0, 0, 0, 0
Dose, 2018,  9, 11, 17, 54, 10,    0.0000000,     0.0000000,      0.00, 0, 0, 0, 0
Dose, 2018,  9, 11, 17, 54, 20,    0.0000000,     0.0000000,      0.00, 0, 0, 0, 0
Dose, 2018,  9, 11, 17, 54, 30,    0.0000000,     0.0000000,      0.00, 0, 0, 0, 0
Dose, 2018,  9, 11, 17, 54, 40,    0.0000000,     0.0000000,      0.00, 0, 0, 0, 0
Dose, 2018,  9, 11, 17, 54, 50,    0.0000000,     0.0000000,      0.00, 0, 0, 0, 0
Dose, 2018,  9, 11, 17, 55,  0,    0.0000000,     0.0000000,      0.00, 0, 0, 0, 0
Dose, 2018,  9, 11, 17, 55, 10,    0.0000000,     0.0000000,      0.00, 0, 0, 0, 0
Dose, 2018,  9, 11, 17, 55, 20,    0.0000000,     0.0000000,      0.00, 0, 0, 0, 0
Dose, 2018,  9, 11, 17, 55, 30,    0.0000000,     0.0000000,      0.00, 0, 0, 0, 0
Dose, 2018,  9, 11, 17, 55, 40,    0.0000000,     0.0000000,      0.00, 0, 0, 0, 0
Dose, 2018,  9, 11, 17, 55, 50,    0.0000000,     0.0000000,      0.00, 0, 0, 0, 0
Dose, 2018,  9, 11, 17, 56,  0,    0.0000000,     0.0000000,      0.00, 0, 0, 0, 0
Dose, 2018,  9, 11, 17, 56, 10,    0.0000000,     0.0000000,      0.00, 0, 0, 0, 0
Dose, 2018,  9, 11, 17, 56, 20,    0.0000000,     0.0000000,      0.00, 0, 0, 0, 0
Dose, 2018,  9, 11, 17, 56, 30,    0.0000000,     0.0000000,      0.00, 0, 0, 0, 0
Dose, 2018,  9, 11, 17, 56, 40,    0.0000000,     0.0000000,      0.00, 0, 0, 0, 0
Dose, 2018,  9, 11, 17, 56, 50,    0.0000000,     0.0000000,      0.00, 0, 0, 0, 0
Dose, 2018,  9, 11, 17, 57,  0,    0.0000000,     0.0000000,      0.00, 0, 0, 0, 0
Dose, 2018,  9, 11, 17, 57, 10,    0.0000000,     0.0000000,      0.00, 0, 0, 0, 0
Dose, 2018,  9, 11, 17, 57, 20,    0.0000000,     0.0000000,      0.00, 0, 0, 0, 0
Dose, 2018,  9, 11, 17, 57, 30,    0.0000000,     0.0000000,      0.00, 0, 0, 0, 0
Dose, 2018,  9, 11, 17, 57, 40,    0.0000000,     0.0000000,      0.00, 0, 0, 0, 0
Dose, 2018,  9, 11, 17, 57, 50,    0.0000000,     0.0000000,      0.00, 0, 0, 0, 0
Dose, 2018,  9, 11, 17, 58,  0,    0.0000000,     0.0000000,      0.00, 0, 0, 0, 0
Dose, 2018,  9, 11, 17, 58, 10,    0.0000000,     0.0000000,      0.00, 0, 0, 0, 0
Dose, 2018,  9, 11, 17, 58, 20,    0.0000000,     0.0000000,      0.00, 0, 0, 0, 0
Dose, 2018,  9, 11, 17, 58, 30,    0.0000000,     0.0000000,      0.00, 0, 0, 0, 0
Dose, 2018,  9, 11, 17, 58, 40,    0.0000000,     0.0000000,      0.00, 0, 0, 0, 0
Dose, 2018,  9, 11, 17, 58, 50,    0.0000000,     0.0000000,      0.00, 0, 0, 0, 0
Dose, 2018,  9, 11, 17, 59,  0,    0.0000000,     0.0000000,      0.00, 0, 0, 0, 0
Dose, 2018,  9, 11, 17, 59, 10,    0.0000000,     0.0000000,      0.00, 0, 0, 0, 0
Dose, 2018,  9, 11, 17, 59, 20,    0.0000000,     0.0000000,      0.00, 0, 0, 0, 0
Dose, 2018,  9, 11, 17, 59, 30,    0.0000000,     0.0000000,      0.00, 0, 0, 0, 0
Dose, 2018,  9, 11, 17, 59, 40,    0.0000000,     0.0000000,      0.00, 0, 0, 0, 0
Dose, 2018,  9, 11, 17, 59, 50,    0.0000000,     0.0000000,      0.00, 0, 0, 0, 0
Dose, 2018,  9, 11, 18,  0,  0,    0.0000000,     0.0000000,      0.00, 0, 0, 0, 0
Dose, 2018,  9, 11, 18,  0, 10,    0.0000000,     0.0000000,      0.00, 0, 0, 0, 0
Dose, 2018,  9, 11, 18,  0, 20,    0.0000000,     0.0000000,      0.00, 0, 0, 0, 0
Dose, 2018,  9, 11, 18,  0, 30,    0.0000000,     0.0000000,      0.00, 0, 0, 0, 0
Dose, 2018,  9, 11, 18,  0, 40,    0.0000000,     0.0000000,      0.00, 0, 0, 0, 0
Dose, 2018,  9, 11, 18,  0, 50,    0.0000000,     0.0000000,      0.00, 0, 0, 0, 0
Dose, 2018,  9, 11, 18,  1,  0,    0.0000000,     0.0000000,      0.00, 0, 0, 0, 0
Dose, 2018,  9, 11, 18,  1, 10,    0.0000000,     0.0000000,      0.00, 0, 0, 0, 0
Dose, 2018,  9, 11, 18,  1, 20,    0.0000000,     0.0000000,      0.00, 0, 0, 0, 0
Dose, 2018,  9, 11, 18,  1, 30,    0.0000000,     0.0000000,      0.00, 0, 0, 0, 0
Dose, 2018,  9, 11, 18,  1, 40,    0.0000000,     0.0000000,      0.00, 0, 0, 0, 0
Dose, 2018,  9, 11, 18,  1, 50,    0.0000000,     0.0000000,      0.00, 0, 0, 0, 0
Dose, 2018,  9, 11, 18,  2,  0,    0.0000000,     0.0000000,      0.00, 0, 0, 0, 0
Dose, 2018,  9, 11, 18,  2, 10,    0.0000000,     0.0000000,      0.00, 0, 0, 0, 0
Dose, 2018,  9, 11, 18,  2, 20,    0.0000000,     0.0000000,      0.00, 0, 0, 0, 0
Dose, 2018,  9, 11, 18,  2, 30,    0.0000000,     0.0000000,      0.00, 0, 0, 0, 0
Dose, 2018,  9, 11, 18,  2, 40,    0.0000000,     0.0000000,      0.00, 0, 0, 0, 0
Dose, 2018,  9, 11, 18,  2, 50,    0.0000000,     0.0000000,      0.00, 0, 0, 0, 0
Dose, 2018,  9, 11, 18,  3,  0,    0.0000000,     0.0000000,      0.00, 0, 0, 0, 0
Dose, 2018,  9, 11, 18,  3, 10,    0.0000000,     0.0000000,      0.00, 0, 0, 0, 0
Dose, 2018,  9, 11, 18,  3, 20,    0.0000000,     0.0000000,      0.00, 0, 0, 0, 0
Dose, 2018,  9, 11, 18,  3, 30,    0.0000000,     0.0000000,      0.00, 0, 0, 0, 0
Dose, 2018,  9, 11, 18,  3, 40,    0.0000000,     0.0000000,      0.00, 0, 0, 0, 0
Dose, 2018,  9, 11, 18,  3, 50,    0.0000000,     0.0000000,      0.00, 0, 0, 0, 0
Dose, 2018,  9, 11, 18,  4,  0,    0.0000000,     0.0000000,      0.00, 0, 0, 0, 0
Dose, 2018,  9, 11, 18,  4, 10,    0.0000000,     0.0000000,      0.00, 0, 0, 0, 0
Dose, 2018,  9, 11, 18,  4, 20,    0.0000000,     0.0000000,      0.00, 0, 0, 0, 0
Dose, 2018,  9, 11, 18,  4, 30,    0.0000000,     0.0000000,      0.00, 0, 0, 0, 0
Dose, 2018,  9, 11, 18,  4, 40,    0.0000000,     0.0000000,      0.00, 0, 0, 0, 0
Dose, 2018,  9, 11, 18,  4, 50,    0.0000000,     0.0000000,      0.00, 0, 0, 0, 0
Dose, 2018,  9, 11, 18,  5,  0,    0.0000000,     0.0000000,      0.00, 0, 0, 0, 0
Dose, 2018,  9, 11, 18,  5, 10,    0.0000000,     0.0000000,      0.00, 0, 0, 0, 0
Dose, 2018,  9, 11, 18,  5, 20,    0.0000000,     0.0000000,      0.00, 0, 0, 0, 0
Dose, 2018,  9, 11, 18,  5, 30,    0.0000000,     0.0000000,      0.00, 0, 0, 0, 0
Dose, 2018,  9, 11, 18,  5, 40,    0.0000000,     0.0000000,      0.00, 0, 0, 0, 0
Dose, 2018,  9, 11, 18,  5, 50,    0.0000000,     0.0000000,      0.00, 0, 0, 0, 0
Dose, 2018,  9, 11, 18,  6,  0,    0.0000000,     0.0000000,      0.00, 0, 0, 0, 0
Dose, 2018,  9, 11, 18,  6, 10,    0.0000000,     0.0000000,      0.00, 0, 0, 0, 0
Dose, 2018,  9, 11, 18,  6, 20,    0.0000000,     0.0000000,      0.00, 0, 0, 0, 0
Dose, 2018,  9, 11, 18,  6, 30,    0.0000000,     0.0000000,      0.00, 0, 0, 0, 0
Dose, 2018,  9, 11, 18,  6, 40,    0.0000000,     0.0000000,      0.00, 0, 0, 0, 0
Dose, 2018,  9, 11, 18,  6, 50,    0.0000000,     0.0000000,      0.00, 0, 0, 0, 0
Dose, 2018,  9, 11, 18,  7,  0,    0.0000000,     0.0000000,      0.00, 0, 0, 0, 0
Dose, 2018,  9, 11, 18,  7, 10,    0.0000000,     0.0000000,      0.00, 0, 0, 0, 0
Dose, 2018,  9, 11, 18,  7, 20,    0.0000000,     0.0000000,      0.00, 0, 0, 0, 0
Dose, 2018,  9, 11, 18,  7, 30,    0.0000000,     0.0000000,      0.00, 0, 0, 0, 0
Dose, 2018,  9, 11, 18,  7, 40,    0.0000000,     0.0000000,      0.00, 0, 0, 0, 0
Dose, 2018,  9, 11, 18,  7, 50,    0.0000000,     0.0000000,      0.00, 0, 0, 0, 0
Dose, 2018,  9, 11, 18,  8,  0,    0.0000000,     0.0000000,      0.00, 0, 0, 0, 0
Dose, 2018,  9, 11, 18,  8, 10,    0.0000000,     0.0000000,      0.00, 0, 0, 0, 0
Dose, 2018,  9, 11, 18,  8, 20,    0.0000000,     0.0000000,      0.00, 0, 0, 0, 0
Dose, 2018,  9, 11, 18,  8, 30,    0.0000000,     0.0000000,      0.00, 0, 0, 0, 0
Dose, 2018,  9, 11, 18,  8, 40,    0.0000000,     0.0000000,      0.00, 0, 0, 0, 0
Dose, 2018,  9, 11, 18,  8, 50,    0.0000000,     0.0000000,      0.00, 0, 0, 0, 0
Dose, 2018,  9, 11, 18,  9,  0,    0.0000000,     0.0000000,      0.00, 0, 0, 0, 0
Dose, 2018,  9, 11, 18,  9, 10,    0.0000000,     0.0000000,      0.00, 0, 0, 0, 0
Dose, 2018,  9, 11, 18,  9, 20,    0.0000000,     0.0000000,      0.00, 0, 0, 0, 0
Dose, 2018,  9, 11, 18,  9, 30,    0.0000000,     0.0000000,      0.00, 0, 0, 0, 0
Dose, 2018,  9, 11, 18,  9, 40,    0.0000000,     0.0000000,      0.00, 0, 0, 0, 0
Dose, 2018,  9, 11, 18,  9, 50,    0.0000000,     0.0000000,      0.00, 0, 0, 0, 0
Dose, 2018,  9, 11, 18, 10,  0,    0.0000000,     0.0000000,      0.00, 0, 0, 0, 0
Dose, 2018,  9, 11, 18, 10, 10,    0.0000000,     0.0000000,      0.00, 0, 0, 0, 0
Dose, 2018,  9, 11, 18, 10, 20,    0.0000000,     0.0000000,      0.00, 0, 0, 0, 0
Dose, 2018,  9, 11, 18, 10, 30,    0.0000000,     0.0000000,      0.00, 0, 0, 0, 0
Dose, 2018,  9, 11, 18, 10, 40,    0.0000000,     0.0000000,      0.00, 0, 0, 0, 0
Dose, 2018,  9, 11, 18, 10, 50,    0.0000000,     0.0000000,      0.00, 0, 0, 0, 0
Dose, 2018,  9, 11, 18, 11,  0,    0.0000000,     0.0000000,      0.00, 0, 0, 0, 0
Dose, 2018,  9, 11, 18, 11, 10,    0.0000000,     0.0000000,      0.00, 0, 0, 0, 0
Dose, 2018,  9, 11, 18, 11, 20,    0.0000000,     0.0000000,      0.00, 0, 0, 0, 0
Dose, 2018,  9, 11, 18, 11, 30,    0.0000000,     0.0000000,      0.00, 0, 0, 0, 0
Dose, 2018,  9, 11, 18, 11, 40,    0.0000000,     0.0000000,      0.00, 0, 0, 0, 0
Dose, 2018,  9, 11, 18, 11, 50,    0.0000000,     0.0000000,      0.00, 0, 0, 0, 0
Dose, 2018,  9, 11, 18, 12,  0,    0.0000000,     0.0000000,      0.00, 0, 0, 0, 0
Dose, 2018,  9, 11, 18, 12, 10,    0.0000000,     0.0000000,      0.00, 0, 0, 0, 0
Dose, 2018,  9, 11, 18, 12, 20,    0.0000000,     0.0000000,      0.00, 0, 0, 0, 0
Dose, 2018,  9, 11, 18, 12, 30,    0.0000000,     0.0000000,      0.00, 0, 0, 0, 0
Dose, 2018,  9, 11, 18, 12, 40,    0.0000000,     0.0000000,      0.00, 0, 0, 0, 0
Dose, 2018,  9, 11, 18, 12, 50,    0.0000000,     0.0000000,      0.00, 0, 0, 0, 0
Dose, 2018,  9, 11, 18, 13,  0,    0.0000000,     0.0000000,      0.00, 0, 0, 0, 0
Dose, 2018,  9, 11, 18, 13, 10,    0.0000000,     0.0000000,      0.00, 0, 0, 0, 0
Dose, 2018,  9, 11, 18, 13, 20,    0.0000000,     0.0000000,      0.00, 0, 0, 0, 0
Dose, 2018,  9, 11, 18, 13, 30,    0.0000000,     0.0000000,      0.00, 0, 0, 0, 0
Dose, 2018,  9, 11, 18, 13, 40,    0.0000000,     0.0000000,      0.00, 0, 0, 0, 0
Dose, 2018,  9, 11, 18, 13, 50,    0.0000000,     0.0000000,      0.00, 0, 0, 0, 0
Dose, 2018,  9, 11, 18, 14,  0,    0.0000000,     0.0000000,      0.00, 0, 0, 0, 0
Dose, 2018,  9, 11, 18, 14, 10,    0.0000000,     0.0000000,      0.00, 0, 0, 0, 0
Dose, 2018,  9, 11, 18, 14, 20,    0.0000000,     0.0000000,      0.00, 0, 0, 0, 0
Dose, 2018,  9, 11, 18, 14, 30,    0.0000000,     0.0000000,      0.00, 0, 0, 0, 0
Dose, 2018,  9, 11, 18, 14, 40,    0.0000000,     0.0000000,      0.00, 0, 0, 0, 0
Dose, 2018,  9, 11, 18, 14, 50,    0.0000000,     0.0000000,      0.00, 0, 0, 0, 0
Dose, 2018,  9, 11, 18, 15,  0,    0.0000000,     0.0000000,      0.00, 0, 0, 0, 0
Dose, 2018,  9, 11, 18, 15, 10,    0.0000000,     0.0000000,      0.00, 0, 0, 0, 0
Dose, 2018,  9, 11, 18, 15, 20,    0.0000000,     0.0000000,      0.00, 0, 0, 0, 0
Dose, 2018,  9, 11, 18, 15, 30,    0.0000000,     0.0000000,      0.00, 0, 0, 0, 0
Dose, 2018,  9, 11, 18, 15, 40,    0.0000000,     0.0000000,      0.00, 0, 0, 0, 0
Dose, 2018,  9, 11, 18, 15, 50,    0.0000000,     0.0000000,      0.00, 0, 0, 0, 0
Dose, 2018,  9, 11, 18, 16,  0,    0.0000000,     0.0000000,      0.00, 0, 0, 0, 0
Dose, 2018,  9, 11, 18, 16, 10,    0.0000000,     0.0000000,      0.00, 0, 0, 0, 0
Dose, 2018,  9, 11, 18, 16, 20,    0.0000000,     0.0000000,      0.00, 0, 0, 0, 0
Dose, 2018,  9, 11, 18, 16, 30,    0.0000000,     0.0000000,      0.00, 0, 0, 0, 0
Dose, 2018,  9, 11, 18, 16, 40,    0.0000000,     0.0000000,      0.00, 0, 0, 0, 0
Dose, 2018,  9, 11, 18, 16, 50,    0.0000000,     0.0000000,      0.00, 0, 0, 0, 0
Dose, 2018,  9, 11, 18, 17,  0,    0.0000000,     0.0000000,      0.00, 7, 0, 0, 0
Dose, 2018,  9, 11, 18, 17, 10,    0.0000000,     0.0000000,      0.00, 7, 0, 0, 0
Dose, 2018,  9, 11, 18, 17, 20,    0.0000000,     0.0000000,      0.00, 7, 0, 0, 0
Dose, 2018,  9, 11, 18, 17, 30,    0.0000000,     0.0000000,      0.00, 7, 0, 0, 0
Dose, 2018,  9, 11, 18, 17, 40,    0.0000000,     0.0000000,      0.00, 7, 0, 0, 0
Dose, 2018,  9, 11, 18, 17, 50,    0.0000000,     0.0000000,      0.00, 7, 0, 0, 0
Dose, 2018,  9, 11, 18, 18,  0,    0.0000000,     0.0000000,      0.00, 7, 0, 0, 0
Dose, 2018,  9, 11, 18, 18, 10,    0.0000000,     0.0000000,      0.00, 7, 0, 0, 0
Dose, 2018,  9, 11, 18, 18, 20,    0.0000000,     0.0000000,      0.00, 7, 0, 0, 0
Dose, 2018,  9, 11, 18, 18, 30,    0.0000000,     0.0000000,      0.00, 7, 0, 0, 0
Dose, 2018,  9, 11, 18, 18, 40,    0.0000000,     0.0000000,      0.00, 7, 0, 0, 0
Dose, 2018,  9, 11, 18, 18, 50,    0.0000000,     0.0000000,      0.00, 7, 0, 0, 0
Dose, 2018,  9, 11, 18, 19,  0,    0.0000000,     0.0000000,      0.00, 7, 0, 0, 0
Dose, 2018,  9, 11, 18, 19, 10,    0.0000000,     0.0000000,      0.00, 7, 0, 0, 0
Dose, 2018,  9, 11, 18, 19, 20,    0.0000000,     0.0000000,      0.00, 7, 0, 0, 0
Dose, 2018,  9, 11, 18, 19, 30,    0.0000000,     0.0000000,      0.00, 7, 0, 0, 0
Dose, 2018,  9, 11, 18, 19, 40,    0.0000000,     0.0000000,      0.00, 7, 0, 0, 0
Dose, 2018,  9, 11, 18, 19, 50,    0.0000000,     0.0000000,      0.00, 7, 0, 0, 0
Dose, 2018,  9, 11, 18, 20,  0,    0.0000000,     0.0000000,      0.00, 7, 0, 0, 0
Dose, 2018,  9, 11, 18, 20, 10,    0.0000000,     0.0000000,      0.00, 7, 0, 0, 0
Dose, 2018,  9, 11, 18, 20, 20,    0.0000000,     0.0000000,      0.00, 7, 0, 0, 0
Dose, 2018,  9, 11, 18, 20, 30,    0.0000000,     0.0000000,      0.00, 7, 0, 0, 0
Dose, 2018,  9, 11, 18, 20, 40,    0.0000000,     0.0000000,      0.00, 7, 0, 0, 0
Dose, 2018,  9, 11, 18, 20, 50,    0.0000000,     0.0000000,      0.00, 7, 0, 0, 0
Dose, 2018,  9, 11, 18, 21,  0,    0.0000000,     0.0000000,      0.00, 7, 0, 0, 0
Dose, 2018,  9, 11, 18, 21, 10,    0.0000000,     0.0000000,      0.00, 7, 0, 0, 0
Dose, 2018,  9, 11, 18, 21, 20,    0.0000000,     0.0000000,      0.00, 7, 0, 0, 0
Dose, 2018,  9, 11, 18, 21, 30,    0.0000000,     0.0000000,      0.00, 7, 0, 0, 0
Dose, 2018,  9, 11, 18, 21, 40,    0.0000000,     0.0000000,      0.00, 7, 0, 0, 0
Dose, 2018,  9, 11, 18, 21, 50,    0.0000000,     0.0000000,      0.00, 7, 0, 0, 0
Dose, 2018,  9, 11, 18, 22,  0,    0.0000000,     0.0000000,      0.00, 7, 0, 0, 0
Dose, 2018,  9, 11, 18, 22, 10,    0.0000000,     0.0000000,      0.00, 7, 0, 0, 0
Dose, 2018,  9, 11, 18, 22, 20,    0.0000000,     0.0000000,      0.00, 7, 0, 0, 0
Dose, 2018,  9, 11, 18, 22, 30,    0.0000000,     0.0000000,      0.00, 7, 0, 0, 0
Dose, 2018,  9, 11, 18, 22, 40,    0.0000000,     0.0000000,      0.00, 7, 0, 0, 0
Dose, 2018,  9, 11, 18, 22, 50,    0.0000000,     0.0000000,      0.00, 7, 0, 0, 0
Dose, 2018,  9, 11, 18, 23,  0,    0.0000000,     0.0000000,      0.00, 7, 0, 0, 0
Dose, 2018,  9, 11, 18, 23, 10,    0.0000000,     0.0000000,      0.00, 7, 0, 0, 0
Dose, 2018,  9, 11, 18, 23, 20,    0.0000000,     0.0000000,      0.00, 7, 0, 0, 0
Dose, 2018,  9, 11, 18, 23, 30,    0.0000000,     0.0000000,      0.00, 7, 0, 0, 0
Dose, 2018,  9, 11, 18, 23, 40,    0.0000000,     0.0000000,      0.00, 7, 0, 0, 0
Dose, 2018,  9, 11, 18, 23, 50,    0.0000000,     0.0000000,      0.00, 7, 0, 0, 0
Dose, 2018,  9, 11, 18, 24,  0,    0.0000000,     0.0000000,      0.00, 7, 0, 0, 0
Dose, 2018,  9, 11, 18, 24, 10,    0.0000000,     0.0000000,      0.00, 7, 0, 0, 0
Dose, 2018,  9, 11, 18, 24, 20,    0.0000000,     0.0000000,      0.00, 7, 0, 0, 0
Dose, 2018,  9, 11, 18, 24, 30,    0.0000000,     0.0000000,      0.00, 7, 0, 0, 0
Dose, 2018,  9, 11, 18, 24, 40,    0.0000000,     0.0000000,      0.00, 7, 0, 0, 0
Dose, 2018,  9, 11, 18, 24, 50,    0.0000000,     0.0000000,      0.00, 7, 0, 0, 0
Dose, 2018,  9, 11, 18, 25,  0,    0.0000000,     0.0000000,      0.00, 7, 0, 0, 0
Dose, 2018,  9, 11, 18, 25, 10,    0.0000000,     0.0000000,      0.00, 7, 0, 0, 0
Dose, 2018,  9, 11, 18, 25, 20,    0.0000000,     0.0000000,      0.00, 7, 0, 0, 0
Dose, 2018,  9, 11, 18, 25, 30,    0.0000000,     0.0000000,      0.00, 7, 0, 0, 0
Dose, 2018,  9, 11, 18, 25, 40,    0.0000000,     0.0000000,      0.00, 7, 0, 0, 0
Dose, 2018,  9, 11, 18, 25, 50,    0.0000000,     0.0000000,      0.00, 6, 0, 0, 0
Dose, 2018,  9, 11, 18, 26,  0,    0.0000000,     0.0000000,      0.00, 7, 0, 0, 0
Dose, 2018,  9, 11, 18, 26, 10,    0.0000000,     0.0000000,      0.00, 7, 0, 0, 0
Dose, 2018,  9, 11, 18, 26, 20,    0.0000000,     0.0000000,      0.00, 7, 0, 0, 0
Dose, 2018,  9, 11, 18, 26, 30,    0.0000000,     0.0000000,      0.00, 7, 0, 0, 0
Dose, 2018,  9, 11, 18, 26, 40,    0.0000000,     0.0000000,      0.00, 7, 0, 0, 0
Dose, 2018,  9, 11, 18, 26, 50,    0.0000000,     0.0000000,      0.00, 7, 0, 0, 0
Dose, 2018,  9, 11, 18, 27,  0,    0.0000000,     0.0000000,      0.00, 7, 0, 0, 0
Dose, 2018,  9, 11, 18, 27, 10,    0.0000000,     0.0000000,      0.00, 7, 0, 0, 0
Dose, 2018,  9, 11, 18, 27, 20,    0.0000000,     0.0000000,      0.00, 7, 0, 0, 0
Dose, 2018,  9, 11, 18, 27, 30,    0.0000000,     0.0000000,      0.00, 7, 0, 0, 0
Dose, 2018,  9, 11, 18, 27, 40,    0.0000000,     0.0000000,      0.00, 7, 0, 0, 0
Dose, 2018,  9, 11, 18, 27, 50,    0.0000000,     0.0000000,      0.00, 7, 0, 0, 0
Dose, 2018,  9, 11, 18, 28,  0,    0.0000000,     0.0000000,      0.00, 7, 0, 0, 0
Dose, 2018,  9, 11, 18, 28, 10,    0.0000000,     0.0000000,      0.00, 7, 0, 0, 0
Dose, 2018,  9, 11, 18, 28, 20,    0.0000000,     0.0000000,      0.00, 8, 0, 0, 0
Dose, 2018,  9, 11, 18, 28, 30,    0.0000000,     0.0000000,      0.00, 8, 0, 0, 0
Dose, 2018,  9, 11, 18, 28, 40,    0.0000000,     0.0000000,      0.00, 8, 0, 0, 0
Dose, 2018,  9, 11, 18, 28, 50,    0.0000000,     0.0000000,      0.00, 8, 0, 0, 0
Dose, 2018,  9, 11, 18, 29,  0,    0.0000000,     0.0000000,      0.00, 8, 0, 0, 0
Dose, 2018,  9, 11, 18, 29, 10,    0.0000000,     0.0000000,      0.00, 8, 0, 0, 0
Dose, 2018,  9, 11, 18, 29, 20,    0.0000000,     0.0000000,      0.00, 8, 0, 0, 0
Dose, 2018,  9, 11, 18, 29, 30,    0.0000000,     0.0000000,      0.00, 8, 0, 0, 0
Dose, 2018,  9, 11, 18, 29, 40,    0.0000000,     0.0000000,      0.00, 8, 0, 0, 0
Dose, 2018,  9, 11, 18, 29, 50,    0.0000000,     0.0000000,      0.00, 8, 0, 0, 0
Dose, 2018,  9, 11, 18, 30,  0,    0.0000000,     0.0000000,      0.00, 8, 0, 0, 0
Dose, 2018,  9, 11, 18, 30, 10,    0.0000000,     0.0000000,      0.00, 8, 0, 0, 0
Dose, 2018,  9, 11, 18, 30, 20,    0.0000000,     0.0000000,      0.00, 8, 0, 0, 0
Dose, 2018,  9, 11, 18, 30, 30,    0.0000000,     0.0000000,      0.00, 8, 0, 0, 0
Dose, 2018,  9, 11, 18, 30, 40,    0.0000000,     0.0000000,      0.00, 8, 0, 0, 0
Dose, 2018,  9, 11, 18, 30, 50,    0.0000000,     0.0000000,      0.00, 8, 0, 0, 0
Dose, 2018,  9, 11, 18, 31,  0,    0.0000000,     0.0000000,      0.00, 8, 0, 0, 0
Dose, 2018,  9, 11, 18, 31, 10,    0.0000000,     0.0000000,      0.00, 8, 0, 0, 0
Dose, 2018,  9, 11, 18, 31, 20,    0.0000000,     0.0000000,      0.00, 8, 0, 0, 0
Dose, 2018,  9, 11, 18, 31, 30,    0.0000000,     0.0000000,      0.00, 8, 0, 0, 0
Dose, 2018,  9, 11, 18, 31, 40,    0.0000000,     0.0000000,      0.00, 8, 0, 0, 0
Dose, 2018,  9, 11, 18, 31, 50,    0.0000000,     0.0000000,      0.00, 8, 0, 0, 0
Dose, 2018,  9, 11, 18, 32,  0,    0.0000000,     0.0000000,      0.00, 8, 0, 0, 0
Dose, 2018,  9, 11, 18, 32, 10,    0.0000000,     0.0000000,      0.00, 8, 0, 0, 0
Dose, 2018,  9, 11, 18, 32, 20,    0.0000000,     0.0000000,      0.00, 8, 0, 0, 0
Dose, 2018,  9, 11, 18, 32, 30,    0.0000000,     0.0000000,      0.00, 8, 0, 0, 0
Dose, 2018,  9, 11, 18, 32, 40,    0.0000000,     0.0000000,      0.00, 8, 0, 0, 0
Dose, 2018,  9, 11, 18, 32, 50,    0.0000000,     0.0000000,      0.00, 8, 0, 0, 0
Dose, 2018,  9, 11, 18, 33,  0,    0.0000000,     0.0000000,      0.00, 8, 0, 0, 0
Dose, 2018,  9, 11, 18, 33, 10,    0.0000000,     0.0000000,      0.00, 8, 0, 0, 0
Dose, 2018,  9, 11, 18, 33, 20,    0.0000000,     0.0000000,      0.00, 8, 0, 0, 0
Dose, 2018,  9, 11, 18, 33, 30,    0.0000000,     0.0000000,      0.00, 8, 0, 0, 0
Dose, 2018,  9, 11, 18, 33, 40,    0.0000000,     0.0000000,      0.00, 8, 0, 0, 0
Dose, 2018,  9, 11, 18, 33, 50,    0.0000000,     0.0000000,      0.00, 8, 0, 0, 0
Dose, 2018,  9, 11, 18, 34,  0,    0.0000000,     0.0000000,      0.00, 8, 0, 0, 0
Dose, 2018,  9, 11, 18, 34, 10,    0.0000000,     0.0000000,      0.00, 8, 0, 0, 0
Dose, 2018,  9, 11, 18, 34, 20,    0.0000000,     0.0000000,      0.00, 8, 0, 0, 0
Dose, 2018,  9, 11, 18, 34, 30,    0.0000000,     0.0000000,      0.00, 8, 0, 0, 0
Dose, 2018,  9, 11, 18, 34, 40,    0.0000000,     0.0000000,      0.00, 8, 0, 0, 0
Dose, 2018,  9, 11, 18, 34, 50,    0.0000000,     0.0000000,      0.00, 8, 0, 0, 0
Dose, 2018,  9, 11, 18, 35,  0,    0.0000000,     0.0000000,      0.00, 8, 0, 0, 0
Dose, 2018,  9, 11, 18, 35, 10,    0.0000000,     0.0000000,      0.00, 8, 0, 0, 0
Dose, 2018,  9, 11, 18, 35, 20,    0.0000000,     0.0000000,      0.00, 8, 0, 0, 0
Dose, 2018,  9, 11, 18, 35, 30,    0.0000000,     0.0000000,      0.00, 8, 0, 0, 0
Dose, 2018,  9, 11, 18, 35, 40,    0.0000000,     0.0000000,      0.00, 8, 0, 0, 0
Dose, 2018,  9, 11, 18, 35, 50,    0.0000000,     0.0000000,      0.00, 8, 0, 0, 0
Dose, 2018,  9, 11, 18, 36,  0,    0.0000000,     0.0000000,      0.00, 8, 0, 0, 0
Dose, 2018,  9, 11, 18, 36, 10,    0.0000000,     0.0000000,      0.00, 8, 0, 0, 0
Dose, 2018,  9, 11, 18, 36, 20,    0.0000000,     0.0000000,      0.00, 8, 0, 0, 0
Dose, 2018,  9, 11, 18, 36, 30,    0.0000000,     0.0000000,      0.00, 8, 0, 0, 0
Dose, 2018,  9, 11, 18, 36, 40,    0.0000000,     0.0000000,      0.00, 8, 0, 0, 0
Dose, 2018,  9, 11, 18, 36, 50,    0.0000000,     0.0000000,      0.00, 8, 0, 0, 0
Dose, 2018,  9, 11, 18, 37,  0,    0.0000000,     0.0000000,      0.00, 8, 0, 0, 0
Dose, 2018,  9, 11, 18, 37, 10,    0.0000000,     0.0000000,      0.00, 8, 0, 0, 0
Dose, 2018,  9, 11, 18, 37, 20,    0.0000000,     0.0000000,      0.00, 8, 0, 0, 0
Dose, 2018,  9, 11, 18, 37, 30,    0.0000000,     0.0000000,      0.00, 8, 0, 0, 0
Dose, 2018,  9, 11, 18, 37, 40,    0.0000000,     0.0000000,      0.00, 8, 0, 0, 0
Dose, 2018,  9, 11, 18, 37, 50,    0.0000000,     0.0000000,      0.00, 8, 0, 0, 0
Dose, 2018,  9, 11, 18, 38,  0,    0.0000000,     0.0000000,      0.00, 8, 0, 0, 0
Dose, 2018,  9, 11, 18, 38, 10,    0.0000000,     0.0000000,      0.00, 8, 0, 0, 0
Dose, 2018,  9, 11, 18, 38, 20,    0.0000000,     0.0000000,      0.00, 8, 0, 0, 0
Dose, 2018,  9, 11, 18, 38, 30,    0.0000000,     0.0000000,      0.00, 8, 0, 0, 0
Dose, 2018,  9, 11, 18, 38, 40,    0.0000000,     0.0000000,      0.00, 8, 0, 0, 0
Dose, 2018,  9, 11, 18, 38, 50,    0.0000000,     0.0000000,      0.00, 8, 0, 0, 0
Dose, 2018,  9, 11, 18, 39,  0,    0.0000000,     0.0000000,      0.00, 8, 0, 0, 0
Dose, 2018,  9, 11, 18, 39, 10,    0.0000000,     0.0000000,      0.00, 8, 0, 0, 0
Dose, 2018,  9, 11, 18, 39, 20,    0.0000000,     0.0000000,      0.00, 8, 0, 0, 0
Dose, 2018,  9, 11, 18, 39, 30,    0.0000000,     0.0000000,      0.00, 8, 0, 0, 0
Dose, 2018,  9, 11, 18, 39, 40,    0.0000000,     0.0000000,      0.00, 8, 0, 0, 0
Dose, 2018,  9, 11, 18, 39, 50,    0.0000000,     0.0000000,      0.00, 8, 0, 0, 0
Dose, 2018,  9, 11, 18, 40,  0,    0.0000000,     0.0000000,      0.00, 8, 0, 0, 0
Dose, 2018,  9, 11, 18, 40, 10,    0.0000000,     0.0000000,      0.00, 8, 0, 0, 0
Dose, 2018,  9, 11, 18, 40, 20,    0.0000000,     0.0000000,      0.00, 8, 0, 0, 0
Dose, 2018,  9, 11, 18, 40, 30,    0.0000000,     0.0000000,      0.00, 8, 0, 0, 0
Dose, 2018,  9, 11, 18, 40, 40,    0.0000000,     0.0000000,      0.00, 8, 0, 0, 0
Dose, 2018,  9, 11, 18, 40, 50,    0.0000000,     0.0000000,      0.00, 8, 0, 0, 0
Dose, 2018,  9, 11, 18, 41,  0,    0.0000000,     0.0000000,      0.00, 8, 0, 0, 0
Dose, 2018,  9, 11, 18, 41, 10,    0.0000000,     0.0000000,      0.00, 8, 0, 0, 0
Dose, 2018,  9, 11, 18, 41, 20,    0.0000000,     0.0000000,      0.00, 8, 0, 0, 0
Dose, 2018,  9, 11, 18, 41, 30,    0.0000000,     0.0000000,      0.00, 8, 0, 0, 0
Dose, 2018,  9, 11, 18, 41, 40,    0.0000000,     0.0000000,      0.00, 8, 0, 0, 0
Dose, 2018,  9, 11, 18, 41, 50,    0.0000000,     0.0000000,      0.00, 8, 0, 0, 0
Dose, 2018,  9, 11, 18, 42,  0,    0.0000000,     0.0000000,      0.00, 8, 0, 0, 0
Dose, 2018,  9, 11, 18, 42, 10,    0.0000000,     0.0000000,      0.00, 8, 0, 0, 0
Dose, 2018,  9, 11, 18, 42, 20,    0.0000000,     0.0000000,      0.00, 8, 0, 0, 0
Dose, 2018,  9, 11, 18, 42, 30,    0.0000000,     0.0000000,      0.00, 8, 0, 0, 0
Dose, 2018,  9, 11, 18, 42, 40,    0.0000000,     0.0000000,      0.00, 8, 0, 0, 0
Dose, 2018,  9, 11, 18, 42, 50,    0.0000000,     0.0000000,      0.00, 8, 0, 0, 0
Dose, 2018,  9, 11, 18, 43,  0,    0.0000000,     0.0000000,      0.00, 8, 0, 0, 0
Dose, 2018,  9, 11, 18, 43, 10,    0.0000000,     0.0000000,      0.00, 8, 0, 0, 0
Dose, 2018,  9, 11, 18, 43, 20,    0.0000000,     0.0000000,      0.00, 8, 0, 0, 0
Dose, 2018,  9, 11, 18, 43, 30,    0.0000000,     0.0000000,      0.00, 8, 0, 0, 0
Dose, 2018,  9, 11, 18, 43, 40,    0.0000000,     0.0000000,      0.00, 8, 0, 0, 0
Dose, 2018,  9, 11, 18, 43, 50,    0.0000000,     0.0000000,      0.00, 8, 0, 0, 0
Dose, 2018,  9, 11, 18, 44,  0,    0.0000000,     0.0000000,      0.00, 8, 0, 0, 0
Dose, 2018,  9, 11, 18, 44, 10,    0.0000000,     0.0000000,      0.00, 8, 0, 0, 0
Dose, 2018,  9, 11, 18, 44, 20,    0.0000000,     0.0000000,      0.00, 8, 0, 0, 0
Dose, 2018,  9, 11, 18, 44, 30,    0.0000000,     0.0000000,      0.00, 8, 0, 0, 0
Dose, 2018,  9, 11, 18, 44, 40,    0.0000000,     0.0000000,      0.00, 8, 0, 0, 0
Dose, 2018,  9, 11, 18, 44, 50,    0.0000000,     0.0000000,      0.00, 8, 0, 0, 0
Dose, 2018,  9, 11, 18, 45,  0,    0.0000000,     0.0000000,      0.00, 8, 0, 0, 0
Dose, 2018,  9, 11, 18, 45, 10,    0.0000000,     0.0000000,      0.00, 8, 0, 0, 0
Dose, 2018,  9, 11, 18, 45, 20,    0.0000000,     0.0000000,      0.00, 8, 0, 0, 0
Dose, 2018,  9, 11, 18, 45, 30,    0.0000000,     0.0000000,      0.00, 8, 0, 0, 0
Dose, 2018,  9, 11, 18, 45, 40,    0.0000000,     0.0000000,      0.00, 8, 0, 0, 0
Dose, 2018,  9, 11, 18, 45, 50,    0.0000000,     0.0000000,      0.00, 8, 0, 0, 0
Dose, 2018,  9, 11, 18, 46,  0,    0.0000000,     0.0000000,      0.00, 8, 0, 0, 0
Dose, 2018,  9, 11, 18, 46, 10,    0.0000000,     0.0000000,      0.00, 8, 0, 0, 0
Dose, 2018,  9, 11, 18, 46, 20,    0.0000000,     0.0000000,      0.00, 8, 0, 0, 0
Dose, 2018,  9, 11, 18, 46, 30,    0.0000000,     0.0000000,      0.00, 8, 0, 0, 0
Dose, 2018,  9, 11, 18, 46, 40,    0.0000000,     0.0000000,      0.00, 8, 0, 0, 0
Dose, 2018,  9, 11, 18, 46, 50,    0.0000000,     0.0000000,      0.00, 8, 0, 0, 0
Dose, 2018,  9, 11, 18, 47,  0,    0.0000000,     0.0000000,      0.00, 8, 0, 0, 0
Dose, 2018,  9, 11, 18, 47, 10,    0.0000000,     0.0000000,      0.00, 8, 0, 0, 0
Dose, 2018,  9, 11, 18, 47, 20,    0.0000000,     0.0000000,      0.00, 8, 0, 0, 0
Dose, 2018,  9, 11, 18, 47, 30,    0.0000000,     0.0000000,      0.00, 8, 0, 0, 0
Dose, 2018,  9, 11, 18, 47, 40,    0.0000000,     0.0000000,      0.00, 8, 0, 0, 0
Dose, 2018,  9, 11, 18, 47, 50,    0.0000000,     0.0000000,      0.00, 8, 0, 0, 0
Dose, 2018,  9, 11, 18, 48,  0,    0.0000000,     0.0000000,      0.00, 8, 0, 0, 0
Dose, 2018,  9, 11, 18, 48, 10,    0.0000000,     0.0000000,      0.00, 8, 0, 0, 0
Dose, 2018,  9, 11, 18, 48, 20,    0.0000000,     0.0000000,      0.00, 8, 0, 0, 0
Dose, 2018,  9, 11, 18, 48, 30,    0.0000000,     0.0000000,      0.00, 8, 0, 0, 0
Dose, 2018,  9, 11, 18, 48, 40,    0.0000000,     0.0000000,      0.00, 8, 0, 0, 0
Dose, 2018,  9, 11, 18, 48, 50,    0.0000000,     0.0000000,      0.00, 8, 0, 0, 0
Dose, 2018,  9, 11, 18, 49,  0,    0.0000000,     0.0000000,      0.00, 8, 0, 0, 0
Dose, 2018,  9, 11, 18, 49, 10,    0.0000000,     0.0000000,      0.00, 8, 0, 0, 0
Dose, 2018,  9, 11, 18, 49, 20,    0.0000000,     0.0000000,      0.00, 8, 0, 0, 0
Dose, 2018,  9, 11, 18, 49, 30,    0.0000000,     0.0000000,      0.00, 8, 0, 0, 0
Dose, 2018,  9, 11, 18, 49, 40,    0.0000000,     0.0000000,      0.00, 8, 0, 0, 0
Dose, 2018,  9, 11, 18, 49, 50,    0.0000000,     0.0000000,      0.00, 8, 0, 0, 0
Dose, 2018,  9, 11, 18, 50,  0,    0.0000000,     0.0000000,      0.00, 8, 0, 0, 0
Dose, 2018,  9, 11, 18, 50, 10,    0.0000000,     0.0000000,      0.00, 8, 0, 0, 0
Dose, 2018,  9, 11, 18, 50, 20,    0.0000000,     0.0000000,      0.00, 8, 0, 0, 0
Dose, 2018,  9, 11, 18, 50, 30,    0.0000000,     0.0000000,      0.00, 8, 0, 0, 0
Dose, 2018,  9, 11, 18, 50, 40,    0.0000000,     0.0000000,      0.00, 8, 0, 0, 0
Dose, 2018,  9, 11, 18, 50, 50,    0.0000000,     0.0000000,      0.00, 8, 0, 0, 0
Dose, 2018,  9, 11, 18, 51,  0,    0.0000000,     0.0000000,      0.00, 8, 0, 0, 0
Dose, 2018,  9, 11, 18, 51, 10,    0.0000000,     0.0000000,      0.00, 8, 0, 0, 0
Dose, 2018,  9, 11, 18, 51, 20,    0.0000000,     0.0000000,      0.00, 8, 0, 0, 0
Dose, 2018,  9, 11, 18, 51, 30,    0.0000000,     0.0000000,      0.00, 8, 0, 0, 0
Dose, 2018,  9, 11, 18, 51, 40,    0.0000000,     0.0000000,      0.00, 8, 0, 0, 0
Dose, 2018,  9, 11, 18, 51, 50,    0.0000000,     0.0000000,      0.00, 8, 0, 0, 0
Dose, 2018,  9, 11, 18, 52,  0,    0.0000000,     0.0000000,      0.00, 8, 0, 0, 0
Dose, 2018,  9, 11, 18, 52, 10,    0.0000000,     0.0000000,      0.00, 8, 0, 0, 0
Dose, 2018,  9, 11, 18, 52, 20,    0.0000000,     0.0000000,      0.00, 8, 0, 0, 0
Dose, 2018,  9, 11, 18, 52, 30,    0.0000000,     0.0000000,      0.00, 8, 0, 0, 0
Dose, 2018,  9, 11, 18, 52, 40,    0.0000000,     0.0000000,      0.00, 8, 0, 0, 0
Dose, 2018,  9, 11, 18, 52, 50,    0.0000000,     0.0000000,      0.00, 8, 0, 0, 0
Dose, 2018,  9, 11, 18, 53,  0,    0.0000000,     0.0000000,      0.00, 8, 0, 0, 0
Dose, 2018,  9, 11, 18, 53, 10,    0.0000000,     0.0000000,      0.00, 8, 0, 0, 0
Dose, 2018,  9, 11, 18, 53, 20,    0.0000000,     0.0000000,      0.00, 8, 0, 0, 0
Dose, 2018,  9, 11, 18, 53, 30,    0.0000000,     0.0000000,      0.00, 8, 0, 0, 0
Dose, 2018,  9, 11, 18, 53, 40,    0.0000000,     0.0000000,      0.00, 8, 0, 0, 0
Dose, 2018,  9, 11, 18, 53, 50,    0.0000000,     0.0000000,      0.00, 8, 0, 0, 0
Dose, 2018,  9, 11, 18, 54,  0,    0.0000000,     0.0000000,      0.00, 8, 0, 0, 0
Dose, 2018,  9, 11, 18, 54, 10,    0.0000000,     0.0000000,      0.00, 8, 0, 0, 0
Dose, 2018,  9, 11, 18, 54, 20,    0.0000000,     0.0000000,      0.00, 8, 0, 0, 0
Dose, 2018,  9, 11, 18, 54, 30,    0.0000000,     0.0000000,      0.00, 8, 0, 0, 0
Dose, 2018,  9, 11, 18, 54, 40,    0.0000000,     0.0000000,      0.00, 8, 0, 0, 0
Dose, 2018,  9, 11, 18, 54, 50,    0.0000000,     0.0000000,      0.00, 8, 0, 0, 0
Dose, 2018,  9, 11, 18, 55,  0,    0.0000000,     0.0000000,      0.00, 8, 0, 0, 0
Dose, 2018,  9, 11, 18, 55, 10,    0.0000000,     0.0000000,      0.00, 8, 0, 0, 0
Dose, 2018,  9, 11, 18, 55, 20,    0.0000000,     0.0000000,      0.00, 8, 0, 0, 0
Dose, 2018,  9, 11, 18, 55, 30,    0.0000000,     0.0000000,      0.00, 8, 0, 0, 0
Dose, 2018,  9, 11, 18, 55, 40,    0.0000000,     0.0000000,      0.00, 8, 0, 0, 0
Dose, 2018,  9, 11, 18, 55, 50,    0.0000000,     0.0000000,      0.00, 8, 0, 0, 0
Dose, 2018,  9, 11, 18, 56,  0,    0.0000000,     0.0000000,      0.00, 8, 0, 0, 0
Dose, 2018,  9, 11, 18, 56, 10,    0.0000000,     0.0000000,      0.00, 8, 0, 0, 0
Dose, 2018,  9, 11, 18, 56, 20,    0.0000000,     0.0000000,      0.00, 8, 0, 0, 0
Dose, 2018,  9, 11, 18, 56, 30,    0.0000000,     0.0000000,      0.00, 8, 0, 0, 0
Dose, 2018,  9, 11, 18, 56, 40,    0.0000000,     0.0000000,      0.00, 8, 0, 0, 0
Dose, 2018,  9, 11, 18, 56, 50,    0.0000000,     0.0000000,      0.00, 8, 0, 0, 0
Dose, 2018,  9, 11, 18, 57,  0,    0.0000000,     0.0000000,      0.00, 8, 0, 0, 0
Dose, 2018,  9, 11, 18, 57, 10,    0.0000000,     0.0000000,      0.00, 8, 0, 0, 0
Dose, 2018,  9, 11, 18, 57, 20,    0.0000000,     0.0000000,      0.00, 8, 0, 0, 0
Dose, 2018,  9, 11, 18, 57, 30,    0.0000000,     0.0000000,      0.00, 8, 0, 0, 0
Dose, 2018,  9, 11, 18, 57, 40,    0.0000000,     0.0000000,      0.00, 8, 0, 0, 0
Dose, 2018,  9, 11, 18, 57, 50,    0.0000000,     0.0000000,      0.00, 8, 0, 0, 0
Dose, 2018,  9, 11, 18, 58,  0,    0.0000000,     0.0000000,      0.00, 8, 0, 0, 0
Dose, 2018,  9, 11, 18, 58, 10,    0.0000000,     0.0000000,      0.00, 8, 0, 0, 0
