Sample#,Date+Time,DateTime,Fl Sec,Az,El,Press,TAir,Hum,Lat,Long,Alt,Freq,RSSI,F Offs,Az Tr Offs,El Tr Offs,Sys V,Sys I,Az I,El I,MCU Stat,Rx Stat,SCA Stat,POST,SAA BIT,Rx BIT,MCU BIT,SCA BIT,CDU1 BIT,CDU2 BIT,State,Flags,THum
0,2017-07-30 13:10:33,42946.5489988,999999999.0000000,999999999.000,999999999.000,39.183,-66.280,654.190,-49.791431,-68.337242,21426.00,999999999.000,999999999,999999999,999999999,999999999,999999999,999999999,999999999,999999999,999999999,999999999,999999999,9999999999,999999999,999999999,999999999,999999999,999999999,999999999,0,2098952,-66.28
1,2017-07-30 13:10:34,42946.5490104,999999999.0000000,999999999.000,999999999.000,39.383,-66.130,654.110,-49.791382,-68.336510,21398.00,999999999.000,999999999,999999999,999999999,999999999,999999999,999999999,999999999,999999999,999999999,999999999,999999999,9999999999,999999999,999999999,999999999,999999999,999999999,999999999,1,2098952,-66.13
2,2017-07-30 13:10:35,42946.5490220,999999999.0000000,999999999.000,999999999.000,39.583,-65.940,654.130,-49.791328,-68.335770,21370.00,999999999.000,999999999,999999999,999999999,999999999,999999999,999999999,999999999,999999999,999999999,999999999,999999999,9999999999,999999999,999999999,999999999,999999999,999999999,999999999,1,2098952,-65.94
3,2017-07-30 13:10:36,42946.5490336,999999999.0000000,999999999.000,999999999.000,39.773,-65.710,654.080,-49.791279,-68.335045,21342.00,999999999.000,999999999,999999999,999999999,999999999,999999999,999999999,999999999,999999999,999999999,999999999,999999999,9999999999,999999999,999999999,999999999,999999999,999999999,999999999,1,2098952,-65.71
4,2017-07-30 13:10:37,42946.5490451,999999999.0000000,999999999.000,999999999.000,999999999.000,999999999.000,999999999.000,999999999.000000,999999999.000000,999999999.00,999999999.000,999999999,999999999,999999999,999999999,999999999,999999999,999999999,999999999,999999999,999999999,999999999,9999999999,999999999,999999999,999999999,999999999,999999999,999999999,1,0,999999999.00
5,2017-07-30 13:10:38,42946.5490567,999999999.0000000,999999999.000,999999999.000,40.143,-65.470,654.080,-49.791183,-68.333611,21285.00,999999999.000,999999999,999999999,999999999,999999999,999999999,999999999,999999999,999999999,999999999,999999999,999999999,9999999999,999999999,999999999,999999999,999999999,999999999,999999999,1,2098952,-65.47
6,2017-07-30 13:10:39,42946.5490683,999999999.0000000,999999999.000,999999999.000,40.333,-65.560,654.050,-49.791142,-68.332901,21254.00,999999999.000,999999999,999999999,999999999,999999999,999999999,999999999,999999999,999999999,999999999,999999999,999999999,9999999999,999999999,999999999,999999999,999999999,999999999,999999999,1,2098952,-65.56
7,2017-07-30 13:10:40,42946.5490799,999999999.0000000,999999999.000,999999999.000,40.583,-65.420,654.050,-49.791096,-68.332207,21224.00,999999999.000,999999999,999999999,999999999,999999999,999999999,999999999,999999999,999999999,999999999,999999999,999999999,9999999999,999999999,999999999,999999999,999999999,999999999,999999999,1,2098952,-65.42
8,2017-07-30 13:10:41,42946.5490914,999999999.0000000,999999999.000,999999999.000,40.753,-65.270,654.040,-49.791050,-68.331520,21195.00,999999999.000,999999999,999999999,999999999,999999999,999999999,999999999,999999999,999999999,999999999,999999999,999999999,9999999999,999999999,999999999,999999999,999999999,999999999,999999999,1,2098952,-65.27
9,2017-07-30 13:10:42,42946.5491030,999999999.0000000,999999999.000,999999999.000,999999999.000,999999999.000,999999999.000,999999999.000000,999999999.000000,999999999.00,999999999.000,999999999,999999999,999999999,999999999,999999999,999999999,999999999,999999999,999999999,999999999,999999999,9999999999,999999999,999999999,999999999,999999999,999999999,999999999,1,0,999999999.00
10,2017-07-30 13:10:43,42946.5491146,999999999.0000000,999999999.000,999999999.000,41.123,-65.180,654.010,-49.790962,-68.330177,21141.00,999999999.000,999999999,999999999,999999999,999999999,999999999,999999999,999999999,999999999,999999999,999999999,999999999,9999999999,999999999,999999999,999999999,999999999,999999999,999999999,1,2098952,-65.18
11,2017-07-30 13:10:44,42946.5491262,999999999.0000000,999999999.000,999999999.000,999999999.000,999999999.000,999999999.000,999999999.000000,999999999.000000,999999999.00,999999999.000,999999999,999999999,999999999,999999999,999999999,999999999,999999999,999999999,999999999,999999999,999999999,9999999999,999999999,999999999,999999999,999999999,999999999,999999999,1,0,999999999.00
12,2017-07-30 13:10:45,42946.5491377,999999999.0000000,999999999.000,999999999.000,41.533,-65.120,654.050,-49.790867,-68.328850,21091.00,999999999.000,999999999,999999999,999999999,999999999,999999999,999999999,999999999,999999999,999999999,999999999,999999999,9999999999,999999999,999999999,999999999,999999999,999999999,999999999,3,2098952,-65.12
13,2017-07-30 13:10:46,42946.5491493,999999999.0000000,999999999.000,999999999.000,41.703,-65.020,654.040,-49.790813,-68.328201,21068.00,999999999.000,999999999,999999999,999999999,999999999,999999999,999999999,999999999,999999999,999999999,999999999,999999999,9999999999,999999999,999999999,999999999,999999999,999999999,999999999,3,2098952,-65.02
14,2017-07-30 13:10:47,42946.5491609,999999999.0000000,999999999.000,999999999.000,999999999.000,999999999.000,999999999.000,999999999.000000,999999999.000000,999999999.00,999999999.000,999999999,999999999,999999999,999999999,999999999,999999999,999999999,999999999,999999999,999999999,999999999,9999999999,999999999,999999999,999999999,999999999,999999999,999999999,3,0,999999999.00
15,2017-07-30 13:10:48,42946.5491725,999999999.0000000,999999999.000,999999999.000,42.033,-64.710,653.980,-49.790707,-68.326904,21020.00,999999999.000,999999999,999999999,999999999,999999999,999999999,999999999,999999999,999999999,999999999,999999999,999999999,9999999999,999999999,999999999,999999999,999999999,999999999,999999999,3,2098952,-64.71
16,2017-07-30 13:10:49,42946.5491840,999999999.0000000,999999999.000,999999999.000,999999999.000,999999999.000,999999999.000,999999999.000000,999999999.000000,999999999.00,999999999.000,999999999,999999999,999999999,999999999,999999999,999999999,999999999,999999999,999999999,999999999,999999999,9999999999,999999999,999999999,999999999,999999999,999999999,999999999,3,0,999999999.00
17,2017-07-30 13:10:50,42946.5491956,999999999.0000000,999999999.000,999999999.000,42.443,-64.330,654.030,-49.790573,-68.325615,20974.00,999999999.000,999999999,999999999,999999999,999999999,999999999,999999999,999999999,999999999,999999999,999999999,999999999,9999999999,999999999,999999999,999999999,999999999,999999999,999999999,3,2098952,-64.33
18,2017-07-30 13:10:51,42946.5492072,999999999.0000000,999999999.000,999999999.000,42.563,-64.130,654.010,-49.790508,-68.324966,20952.00,999999999.000,999999999,999999999,999999999,999999999,999999999,999999999,999999999,999999999,999999999,999999999,999999999,9999999999,999999999,999999999,999999999,999999999,999999999,999999999,3,2098952,-64.13
19,2017-07-30 13:10:52,42946.5492188,999999999.0000000,999999999.000,999999999.000,999999999.000,999999999.000,999999999.000,999999999.000000,999999999.000000,999999999.00,999999999.000,999999999,999999999,999999999,999999999,999999999,999999999,999999999,999999999,999999999,999999999,999999999,9999999999,999999999,999999999,999999999,999999999,999999999,999999999,3,0,999999999.00
20,2017-07-30 13:10:53,42946.5492303,999999999.0000000,999999999.000,999999999.000,42.963,-64.110,654.010,-49.790382,-68.323669,20907.00,999999999.000,999999999,999999999,999999999,999999999,999999999,999999999,999999999,999999999,999999999,999999999,999999999,9999999999,999999999,999999999,999999999,999999999,999999999,999999999,3,2098952,-64.11
21,2017-07-30 13:10:54,42946.5492419,999999999.0000000,999999999.000,999999999.000,999999999.000,999999999.000,999999999.000,999999999.000000,999999999.000000,999999999.00,999999999.000,999999999,999999999,999999999,999999999,999999999,999999999,999999999,999999999,999999999,999999999,999999999,9999999999,999999999,999999999,999999999,999999999,999999999,999999999,3,0,999999999.00
22,2017-07-30 13:10:55,42946.5492535,999999999.0000000,999999999.000,999999999.000,43.293,-64.140,654.030,-49.790237,-68.322372,20859.00,999999999.000,999999999,999999999,999999999,999999999,999999999,999999999,999999999,999999999,999999999,999999999,999999999,9999999999,999999999,999999999,999999999,999999999,999999999,999999999,3,2098952,-64.14
23,2017-07-30 13:10:56,42946.5492650,999999999.0000000,999999999.000,999999999.000,43.493,-64.170,654.020,-49.790169,-68.321716,20836.00,999999999.000,999999999,999999999,999999999,999999999,999999999,999999999,999999999,999999999,999999999,999999999,999999999,9999999999,999999999,999999999,999999999,999999999,999999999,999999999,3,2098952,-64.17
24,2017-07-30 13:10:57,42946.5492766,999999999.0000000,999999999.000,999999999.000,43.693,-64.220,654.000,-49.790100,-68.321060,20811.00,999999999.000,999999999,999999999,999999999,999999999,999999999,999999999,999999999,999999999,999999999,999999999,999999999,9999999999,999999999,999999999,999999999,999999999,999999999,999999999,3,2098952,-64.22
25,2017-07-30 13:10:58,42946.5492882,999999999.0000000,999999999.000,999999999.000,43.883,-64.280,654.030,-49.790039,-68.320389,20787.00,999999999.000,999999999,999999999,999999999,999999999,999999999,999999999,999999999,999999999,999999999,999999999,999999999,9999999999,999999999,999999999,999999999,999999999,999999999,999999999,3,2098952,-64.28
26,2017-07-30 13:10:59,42946.5492998,999999999.0000000,999999999.000,999999999.000,44.073,-64.320,654.040,-49.789974,-68.319717,20762.00,999999999.000,999999999,999999999,999999999,999999999,999999999,999999999,999999999,999999999,999999999,999999999,999999999,9999999999,999999999,999999999,999999999,999999999,999999999,999999999,3,2098952,-64.32
27,2017-07-30 13:11:00,42946.5493113,999999999.0000000,999999999.000,999999999.000,44.263,-64.240,654.050,-49.789913,-68.319038,20738.00,999999999.000,999999999,999999999,999999999,999999999,999999999,999999999,999999999,999999999,999999999,999999999,999999999,9999999999,999999999,999999999,999999999,999999999,999999999,999999999,3,2098952,-64.24
28,2017-07-30 13:11:01,42946.5493229,999999999.0000000,999999999.000,999999999.000,44.473,-64.140,654.000,-49.789856,-68.318367,20713.00,999999999.000,999999999,999999999,999999999,999999999,999999999,999999999,999999999,999999999,999999999,999999999,999999999,9999999999,999999999,999999999,999999999,999999999,999999999,999999999,3,2098952,-64.14
29,2017-07-30 13:11:02,42946.5493345,999999999.0000000,999999999.000,999999999.000,44.663,-64.060,654.060,-49.789795,-68.317680,20690.00,999999999.000,999999999,999999999,999999999,999999999,999999999,999999999,999999999,999999999,999999999,999999999,999999999,9999999999,999999999,999999999,999999999,999999999,999999999,999999999,3,2098952,-64.06
30,2017-07-30 13:11:03,42946.5493461,999999999.0000000,999999999.000,999999999.000,44.813,-64.030,654.050,-49.789730,-68.316994,20667.00,999999999.000,999999999,999999999,999999999,999999999,999999999,999999999,999999999,999999999,999999999,999999999,999999999,9999999999,999999999,999999999,999999999,999999999,999999999,999999999,3,2098952,-64.03
31,2017-07-30 13:11:04,42946.5493576,999999999.0000000,999999999.000,999999999.000,45.003,-64.100,654.040,-49.789661,-68.316315,20642.00,999999999.000,999999999,999999999,999999999,999999999,999999999,999999999,999999999,999999999,999999999,999999999,999999999,9999999999,999999999,999999999,999999999,999999999,999999999,999999999,3,2098952,-64.10
32,2017-07-30 13:11:05,42946.5493692,999999999.0000000,999999999.000,999999999.000,45.203,-64.210,654.050,-49.789597,-68.315636,20618.00,999999999.000,999999999,999999999,999999999,999999999,999999999,999999999,999999999,999999999,999999999,999999999,999999999,9999999999,999999999,999999999,999999999,999999999,999999999,999999999,3,2098952,-64.21
33,2017-07-30 13:11:06,42946.5493808,999999999.0000000,999999999.000,999999999.000,45.373,-64.260,654.020,-49.789524,-68.314964,20593.00,999999999.000,999999999,999999999,999999999,999999999,999999999,999999999,999999999,999999999,999999999,999999999,999999999,9999999999,999999999,999999999,999999999,999999999,999999999,999999999,3,2098952,-64.26
34,2017-07-30 13:11:07,42946.5493924,999999999.0000000,999999999.000,999999999.000,45.553,-64.320,654.070,-49.789444,-68.314308,20570.00,999999999.000,999999999,999999999,999999999,999999999,999999999,999999999,999999999,999999999,999999999,999999999,999999999,9999999999,999999999,999999999,999999999,999999999,999999999,999999999,3,2098952,-64.32
35,2017-07-30 13:11:08,42946.5494039,999999999.0000000,999999999.000,999999999.000,45.773,-64.410,654.080,-49.789356,-68.313644,20547.00,999999999.000,999999999,999999999,999999999,999999999,999999999,999999999,999999999,999999999,999999999,999999999,999999999,9999999999,999999999,999999999,999999999,999999999,999999999,999999999,3,2098952,-64.41
36,2017-07-30 13:11:09,42946.5494155,999999999.0000000,999999999.000,999999999.000,45.973,-64.460,654.090,-49.789280,-68.312988,20523.00,999999999.000,999999999,999999999,999999999,999999999,999999999,999999999,999999999,999999999,999999999,999999999,999999999,9999999999,999999999,999999999,999999999,999999999,999999999,999999999,3,2098952,-64.46
37,2017-07-30 13:11:10,42946.5494271,999999999.0000000,999999999.000,999999999.000,46.133,-64.610,654.060,-49.789204,-68.312332,20499.00,999999999.000,999999999,999999999,999999999,999999999,999999999,999999999,999999999,999999999,999999999,999999999,999999999,9999999999,999999999,999999999,999999999,999999999,999999999,999999999,3,2098952,-64.61
38,2017-07-30 13:11:11,42946.5494387,999999999.0000000,999999999.000,999999999.000,46.323,-64.660,654.110,-49.789120,-68.311668,20474.00,999999999.000,999999999,999999999,999999999,999999999,999999999,999999999,999999999,999999999,999999999,999999999,999999999,9999999999,999999999,999999999,999999999,999999999,999999999,999999999,3,2098952,-64.66
39,2017-07-30 13:11:12,42946.5494502,999999999.0000000,999999999.000,999999999.000,999999999.000,999999999.000,999999999.000,999999999.000000,999999999.000000,999999999.00,999999999.000,999999999,999999999,999999999,999999999,999999999,999999999,999999999,999999999,999999999,999999999,999999999,9999999999,999999999,999999999,999999999,999999999,999999999,999999999,3,0,999999999.00
40,2017-07-30 13:11:13,42946.5494618,999999999.0000000,999999999.000,999999999.000,46.653,-64.680,654.140,-49.788952,-68.310356,20429.00,999999999.000,999999999,999999999,999999999,999999999,999999999,999999999,999999999,999999999,999999999,999999999,999999999,9999999999,999999999,999999999,999999999,999999999,999999999,999999999,3,2098952,-64.68
41,2017-07-30 13:11:14,42946.5494734,999999999.0000000,999999999.000,999999999.000,46.823,-64.680,654.160,-49.788868,-68.309708,20407.00,999999999.000,999999999,999999999,999999999,999999999,999999999,999999999,999999999,999999999,999999999,999999999,999999999,9999999999,999999999,999999999,999999999,999999999,999999999,999999999,3,2098952,-64.68
42,2017-07-30 13:11:15,42946.5494850,999999999.0000000,999999999.000,999999999.000,47.013,-64.630,654.070,-49.788788,-68.309067,20385.00,999999999.000,999999999,999999999,999999999,999999999,999999999,999999999,999999999,999999999,999999999,999999999,999999999,9999999999,999999999,999999999,999999999,999999999,999999999,999999999,3,2098952,-64.63
43,2017-07-30 13:11:16,42946.5494965,999999999.0000000,999999999.000,999999999.000,47.243,-64.660,654.100,-49.788700,-68.308411,20362.00,999999999.000,999999999,999999999,999999999,999999999,999999999,999999999,999999999,999999999,999999999,999999999,999999999,9999999999,999999999,999999999,999999999,999999999,999999999,999999999,3,2098952,-64.66
44,2017-07-30 13:11:17,42946.5495081,999999999.0000000,999999999.000,999999999.000,47.443,-64.630,654.100,-49.788609,-68.307762,20339.00,999999999.000,999999999,999999999,999999999,999999999,999999999,999999999,999999999,999999999,999999999,999999999,999999999,9999999999,999999999,999999999,999999999,999999999,999999999,999999999,3,2098952,-64.63
45,2017-07-30 13:11:18,42946.5495197,999999999.0000000,999999999.000,999999999.000,47.623,-64.690,654.130,-49.788525,-68.307114,20316.00,999999999.000,999999999,999999999,999999999,999999999,999999999,999999999,999999999,999999999,999999999,999999999,999999999,9999999999,999999999,999999999,999999999,999999999,999999999,999999999,3,2098952,-64.69
46,2017-07-30 13:11:19,42946.5495313,999999999.0000000,999999999.000,999999999.000,47.823,-64.640,654.120,-49.788445,-68.306465,20293.00,999999999.000,999999999,999999999,999999999,999999999,999999999,999999999,999999999,999999999,999999999,999999999,999999999,9999999999,999999999,999999999,999999999,999999999,999999999,999999999,3,2098952,-64.64
47,2017-07-30 13:11:20,42946.5495428,999999999.0000000,999999999.000,999999999.000,48.013,-64.640,654.080,-49.788364,-68.305809,20268.00,999999999.000,999999999,999999999,999999999,999999999,999999999,999999999,999999999,999999999,999999999,999999999,999999999,9999999999,999999999,999999999,999999999,999999999,999999999,999999999,3,2098952,-64.64
48,2017-07-30 13:11:21,42946.5495544,999999999.0000000,999999999.000,999999999.000,48.203,-64.700,654.130,-49.788296,-68.305145,20242.00,999999999.000,999999999,999999999,999999999,999999999,999999999,999999999,999999999,999999999,999999999,999999999,999999999,9999999999,999999999,999999999,999999999,999999999,999999999,999999999,3,2098952,-64.70
49,2017-07-30 13:11:22,42946.5495660,999999999.0000000,999999999.000,999999999.000,48.403,-64.670,654.150,-49.788227,-68.304497,20214.00,999999999.000,999999999,999999999,999999999,999999999,999999999,999999999,999999999,999999999,999999999,999999999,999999999,9999999999,999999999,999999999,999999999,999999999,999999999,999999999,3,2098952,-64.67
50,2017-07-30 13:11:23,42946.5495775,999999999.0000000,999999999.000,999999999.000,48.633,-64.720,654.120,-49.788151,-68.303841,20187.00,999999999.000,999999999,999999999,999999999,999999999,999999999,999999999,999999999,999999999,999999999,999999999,999999999,9999999999,999999999,999999999,999999999,999999999,999999999,999999999,3,2098952,-64.72
51,2017-07-30 13:11:24,42946.5495891,999999999.0000000,999999999.000,999999999.000,48.813,-64.720,654.050,-49.788067,-68.303185,20160.00,999999999.000,999999999,999999999,999999999,999999999,999999999,999999999,999999999,999999999,999999999,999999999,999999999,9999999999,999999999,999999999,999999999,999999999,999999999,999999999,3,2098952,-64.72
52,2017-07-30 13:11:25,42946.5496007,999999999.0000000,999999999.000,999999999.000,999999999.000,999999999.000,999999999.000,999999999.000000,999999999.000000,999999999.00,999999999.000,999999999,999999999,999999999,999999999,999999999,999999999,999999999,999999999,999999999,999999999,999999999,9999999999,999999999,999999999,999999999,999999999,999999999,999999999,3,0,999999999.00
53,2017-07-30 13:11:26,42946.5496123,999999999.0000000,999999999.000,999999999.000,49.253,-64.520,654.070,-49.787891,-68.301872,20107.00,999999999.000,999999999,999999999,999999999,999999999,999999999,999999999,999999999,999999999,999999999,999999999,999999999,9999999999,999999999,999999999,999999999,999999999,999999999,999999999,3,2098952,-64.52
54,2017-07-30 13:11:27,42946.5496238,999999999.0000000,999999999.000,999999999.000,49.453,-64.420,654.060,-49.787819,-68.301216,20083.00,999999999.000,999999999,999999999,999999999,999999999,999999999,999999999,999999999,999999999,999999999,999999999,999999999,9999999999,999999999,999999999,999999999,999999999,999999999,999999999,3,2098952,-64.42
55,2017-07-30 13:11:28,42946.5496354,999999999.0000000,999999999.000,999999999.000,999999999.000,999999999.000,999999999.000,999999999.000000,999999999.000000,999999999.00,999999999.000,999999999,999999999,999999999,999999999,999999999,999999999,999999999,999999999,999999999,999999999,999999999,9999999999,999999999,999999999,999999999,999999999,999999999,999999999,3,0,999999999.00
56,2017-07-30 13:11:29,42946.5496470,999999999.0000000,999999999.000,999999999.000,49.773,-64.510,654.080,-49.787670,-68.299973,20040.00,999999999.000,999999999,999999999,999999999,999999999,999999999,999999999,999999999,999999999,999999999,999999999,999999999,9999999999,999999999,999999999,999999999,999999999,999999999,999999999,3,2098952,-64.51
57,2017-07-30 13:11:30,42946.5496586,999999999.0000000,999999999.000,999999999.000,999999999.000,999999999.000,999999999.000,999999999.000000,999999999.000000,999999999.00,999999999.000,999999999,999999999,999999999,999999999,999999999,999999999,999999999,999999999,999999999,999999999,999999999,9999999999,999999999,999999999,999999999,999999999,999999999,999999999,3,0,999999999.00
58,2017-07-30 13:11:31,42946.5496701,999999999.0000000,999999999.000,999999999.000,49.963,-64.620,654.110,-49.787514,-68.298706,19997.00,999999999.000,999999999,999999999,999999999,999999999,999999999,999999999,999999999,999999999,999999999,999999999,999999999,9999999999,999999999,999999999,999999999,999999999,999999999,999999999,3,2098952,-64.62
59,2017-07-30 13:11:32,42946.5496817,999999999.0000000,999999999.000,999999999.000,50.103,-64.710,654.150,-49.787437,-68.298073,19974.00,999999999.000,999999999,999999999,999999999,999999999,999999999,999999999,999999999,999999999,999999999,999999999,999999999,9999999999,999999999,999999999,999999999,999999999,999999999,999999999,3,2098952,-64.71
60,2017-07-30 13:11:33,42946.5496933,999999999.0000000,999999999.000,999999999.000,50.373,-64.620,654.090,-49.787357,-68.297432,19950.00,999999999.000,999999999,999999999,999999999,999999999,999999999,999999999,999999999,999999999,999999999,999999999,999999999,9999999999,999999999,999999999,999999999,999999999,999999999,999999999,3,2098952,-64.62
61,2017-07-30 13:11:34,42946.5497049,999999999.0000000,999999999.000,999999999.000,50.653,-64.680,654.170,-49.787289,-68.296799,19925.00,999999999.000,999999999,999999999,999999999,999999999,999999999,999999999,999999999,999999999,999999999,999999999,999999999,9999999999,999999999,999999999,999999999,999999999,999999999,999999999,3,2098952,-64.68
62,2017-07-30 13:11:35,42946.5497164,999999999.0000000,999999999.000,999999999.000,50.873,-64.810,654.180,-49.787216,-68.296165,19899.00,999999999.000,999999999,999999999,999999999,999999999,999999999,999999999,999999999,999999999,999999999,999999999,999999999,9999999999,999999999,999999999,999999999,999999999,999999999,999999999,3,2098952,-64.81
63,2017-07-30 13:11:36,42946.5497280,999999999.0000000,999999999.000,999999999.000,51.123,-64.840,654.190,-49.787151,-68.295525,19872.00,999999999.000,999999999,999999999,999999999,999999999,999999999,999999999,999999999,999999999,999999999,999999999,999999999,9999999999,999999999,999999999,999999999,999999999,999999999,999999999,3,2098952,-64.84
64,2017-07-30 13:11:37,42946.5497396,999999999.0000000,999999999.000,999999999.000,51.314,-64.840,654.190,-49.787086,-68.294899,19846.00,999999999.000,999999999,999999999,999999999,999999999,999999999,999999999,999999999,999999999,999999999,999999999,999999999,9999999999,999999999,999999999,999999999,999999999,999999999,999999999,3,2098952,-64.84
65,2017-07-30 13:11:38,42946.5497512,999999999.0000000,999999999.000,999999999.000,51.504,-64.870,654.130,-49.787014,-68.294258,19822.00,999999999.000,999999999,999999999,999999999,999999999,999999999,999999999,999999999,999999999,999999999,999999999,999999999,9999999999,999999999,999999999,999999999,999999999,999999999,999999999,3,2098952,-64.87
66,2017-07-30 13:11:39,42946.5497627,999999999.0000000,999999999.000,999999999.000,51.714,-64.940,654.140,-49.786930,-68.293625,19798.00,999999999.000,999999999,999999999,999999999,999999999,999999999,999999999,999999999,999999999,999999999,999999999,999999999,9999999999,999999999,999999999,999999999,999999999,999999999,999999999,3,2098952,-64.94
67,2017-07-30 13:11:40,42946.5497743,999999999.0000000,999999999.000,999999999.000,51.934,-64.930,654.160,-49.786846,-68.292984,19774.00,999999999.000,999999999,999999999,999999999,999999999,999999999,999999999,999999999,999999999,999999999,999999999,999999999,9999999999,999999999,999999999,999999999,999999999,999999999,999999999,3,2098952,-64.93
68,2017-07-30 13:11:41,42946.5497859,999999999.0000000,999999999.000,999999999.000,999999999.000,999999999.000,999999999.000,999999999.000000,999999999.000000,999999999.00,999999999.000,999999999,999999999,999999999,999999999,999999999,999999999,999999999,999999999,999999999,999999999,999999999,9999999999,999999999,999999999,999999999,999999999,999999999,999999999,3,0,999999999.00
69,2017-07-30 13:11:42,42946.5497975,999999999.0000000,999999999.000,999999999.000,52.404,-64.820,654.080,-49.786652,-68.291718,19723.00,999999999.000,999999999,999999999,999999999,999999999,999999999,999999999,999999999,999999999,999999999,999999999,999999999,9999999999,999999999,999999999,999999999,999999999,999999999,999999999,3,2098952,-64.82
70,2017-07-30 13:11:43,42946.5498090,999999999.0000000,999999999.000,999999999.000,52.594,-64.980,654.170,-49.786549,-68.291100,19701.00,999999999.000,999999999,999999999,999999999,999999999,999999999,999999999,999999999,999999999,999999999,999999999,999999999,9999999999,999999999,999999999,999999999,999999999,999999999,999999999,3,2098952,-64.98
71,2017-07-30 13:11:44,42946.5498206,999999999.0000000,999999999.000,999999999.000,52.684,-65.090,654.200,-49.786449,-68.290482,19680.00,999999999.000,999999999,999999999,999999999,999999999,999999999,999999999,999999999,999999999,999999999,999999999,999999999,9999999999,999999999,999999999,999999999,999999999,999999999,999999999,3,2098952,-65.09
72,2017-07-30 13:11:45,42946.5498322,999999999.0000000,999999999.000,999999999.000,52.804,-65.080,654.180,-49.786354,-68.289871,19658.00,999999999.000,999999999,999999999,999999999,999999999,999999999,999999999,999999999,999999999,999999999,999999999,999999999,9999999999,999999999,999999999,999999999,999999999,999999999,999999999,3,2098952,-65.08
73,2017-07-30 13:11:46,42946.5498438,999999999.0000000,999999999.000,999999999.000,53.064,-65.050,654.160,-49.786259,-68.289253,19635.00,999999999.000,999999999,999999999,999999999,999999999,999999999,999999999,999999999,999999999,999999999,999999999,999999999,9999999999,999999999,999999999,999999999,999999999,999999999,999999999,3,2098952,-65.05
74,2017-07-30 13:11:47,42946.5498553,999999999.0000000,999999999.000,999999999.000,53.304,-64.950,654.110,-49.786160,-68.288643,19610.00,999999999.000,999999999,999999999,999999999,999999999,999999999,999999999,999999999,999999999,999999999,999999999,999999999,9999999999,999999999,999999999,999999999,999999999,999999999,999999999,3,2098952,-64.95
75,2017-07-30 13:11:48,42946.5498669,999999999.0000000,999999999.000,999999999.000,53.554,-64.920,654.170,-49.786060,-68.288033,19585.00,999999999.000,999999999,999999999,999999999,999999999,999999999,999999999,999999999,999999999,999999999,999999999,999999999,9999999999,999999999,999999999,999999999,999999999,999999999,999999999,3,2098952,-64.92
76,2017-07-30 13:11:49,42946.5498785,999999999.0000000,999999999.000,999999999.000,53.794,-64.790,654.130,-49.785961,-68.287430,19560.00,999999999.000,999999999,999999999,999999999,999999999,999999999,999999999,999999999,999999999,999999999,999999999,999999999,9999999999,999999999,999999999,999999999,999999999,999999999,999999999,3,2098952,-64.79
77,2017-07-30 13:11:50,42946.5498900,999999999.0000000,999999999.000,999999999.000,54.014,-64.640,654.160,-49.785858,-68.286812,19536.00,999999999.000,999999999,999999999,999999999,999999999,999999999,999999999,999999999,999999999,999999999,999999999,999999999,9999999999,999999999,999999999,999999999,999999999,999999999,999999999,3,2098952,-64.64
78,2017-07-30 13:11:51,42946.5499016,999999999.0000000,999999999.000,999999999.000,54.224,-64.510,654.080,-49.785755,-68.286194,19513.00,999999999.000,999999999,999999999,999999999,999999999,999999999,999999999,999999999,999999999,999999999,999999999,999999999,9999999999,999999999,999999999,999999999,999999999,999999999,999999999,3,2098952,-64.51
79,2017-07-30 13:11:52,42946.5499132,999999999.0000000,999999999.000,999999999.000,999999999.000,999999999.000,999999999.000,999999999.000000,999999999.000000,999999999.00,999999999.000,999999999,999999999,999999999,999999999,999999999,999999999,999999999,999999999,999999999,999999999,999999999,9999999999,999999999,999999999,999999999,999999999,999999999,999999999,3,0,999999999.00
80,2017-07-30 13:11:53,42946.5499248,999999999.0000000,999999999.000,999999999.000,54.644,-64.150,654.110,-49.785557,-68.284958,19466.00,999999999.000,999999999,999999999,999999999,999999999,999999999,999999999,999999999,999999999,999999999,999999999,999999999,9999999999,999999999,999999999,999999999,999999999,999999999,999999999,3,2098952,-64.15
81,2017-07-30 13:11:54,42946.5499363,999999999.0000000,999999999.000,999999999.000,999999999.000,999999999.000,999999999.000,999999999.000000,999999999.000000,999999999.00,999999999.000,999999999,999999999,999999999,999999999,999999999,999999999,999999999,999999999,999999999,999999999,999999999,9999999999,999999999,999999999,999999999,999999999,999999999,999999999,3,0,999999999.00
82,2017-07-30 13:11:55,42946.5499479,999999999.0000000,999999999.000,999999999.000,55.114,-63.810,654.070,-49.785355,-68.283714,19418.00,999999999.000,999999999,999999999,999999999,999999999,999999999,999999999,999999999,999999999,999999999,999999999,999999999,9999999999,999999999,999999999,999999999,999999999,999999999,999999999,3,2098952,-63.81
83,2017-07-30 13:11:56,42946.5499595,999999999.0000000,999999999.000,999999999.000,55.294,-63.810,654.030,-49.785252,-68.283096,19393.00,999999999.000,999999999,999999999,999999999,999999999,999999999,999999999,999999999,999999999,999999999,999999999,999999999,9999999999,999999999,999999999,999999999,999999999,999999999,999999999,3,2098952,-63.81
84,2017-07-30 13:11:57,42946.5499711,999999999.0000000,999999999.000,999999999.000,55.484,-63.780,654.050,-49.785156,-68.282478,19368.00,999999999.000,999999999,999999999,999999999,999999999,999999999,999999999,999999999,999999999,999999999,999999999,999999999,9999999999,999999999,999999999,999999999,999999999,999999999,999999999,3,2098952,-63.78
85,2017-07-30 13:11:58,42946.5499826,999999999.0000000,999999999.000,999999999.000,55.674,-63.820,654.070,-49.785069,-68.281860,19345.00,999999999.000,999999999,999999999,999999999,999999999,999999999,999999999,999999999,999999999,999999999,999999999,999999999,9999999999,999999999,999999999,999999999,999999999,999999999,999999999,3,2098952,-63.82
86,2017-07-30 13:11:59,42946.5499942,999999999.0000000,999999999.000,999999999.000,55.914,-63.650,654.060,-49.784981,-68.281235,19320.00,999999999.000,999999999,999999999,999999999,999999999,999999999,999999999,999999999,999999999,999999999,999999999,999999999,9999999999,999999999,999999999,999999999,999999999,999999999,999999999,3,2098952,-63.65
87,2017-07-30 13:12:00,42946.5500058,999999999.0000000,999999999.000,999999999.000,56.134,-63.570,654.010,-49.784901,-68.280602,19295.00,999999999.000,999999999,999999999,999999999,999999999,999999999,999999999,999999999,999999999,999999999,999999999,999999999,9999999999,999999999,999999999,999999999,999999999,999999999,999999999,3,2098952,-63.57
88,2017-07-30 13:12:01,42946.5500174,999999999.0000000,999999999.000,999999999.000,56.364,-63.450,654.060,-49.784824,-68.279976,19272.00,999999999.000,999999999,999999999,999999999,999999999,999999999,999999999,999999999,999999999,999999999,999999999,999999999,9999999999,999999999,999999999,999999999,999999999,999999999,999999999,3,2098952,-63.45
89,2017-07-30 13:12:02,42946.5500289,999999999.0000000,999999999.000,999999999.000,56.574,-63.350,654.030,-49.784748,-68.279358,19249.00,999999999.000,999999999,999999999,999999999,999999999,999999999,999999999,999999999,999999999,999999999,999999999,999999999,9999999999,999999999,999999999,999999999,999999999,999999999,999999999,3,2098952,-63.35
90,2017-07-30 13:12:03,42946.5500405,999999999.0000000,999999999.000,999999999.000,56.744,-63.280,654.020,-49.784683,-68.278717,19227.00,999999999.000,999999999,999999999,999999999,999999999,999999999,999999999,999999999,999999999,999999999,999999999,999999999,9999999999,999999999,999999999,999999999,999999999,999999999,999999999,3,2098952,-63.28
91,2017-07-30 13:12:04,42946.5500521,999999999.0000000,999999999.000,999999999.000,56.994,-63.240,654.040,-49.784626,-68.278076,19205.00,999999999.000,999999999,999999999,999999999,999999999,999999999,999999999,999999999,999999999,999999999,999999999,999999999,9999999999,999999999,999999999,999999999,999999999,999999999,999999999,3,2098952,-63.24
92,2017-07-30 13:12:05,42946.5500637,999999999.0000000,999999999.000,999999999.000,999999999.000,999999999.000,999999999.000,999999999.000000,999999999.000000,999999999.00,999999999.000,999999999,999999999,999999999,999999999,999999999,999999999,999999999,999999999,999999999,999999999,999999999,9999999999,999999999,999999999,999999999,999999999,999999999,999999999,3,0,999999999.00
93,2017-07-30 13:12:06,42946.5500752,999999999.0000000,999999999.000,999999999.000,57.444,-63.130,654.010,-49.784512,-68.276817,19161.00,999999999.000,999999999,999999999,999999999,999999999,999999999,999999999,999999999,999999999,999999999,999999999,999999999,9999999999,999999999,999999999,999999999,999999999,999999999,999999999,3,2098952,-63.13
94,2017-07-30 13:12:07,42946.5500868,999999999.0000000,999999999.000,999999999.000,57.664,-63.010,654.040,-49.784462,-68.276184,19137.00,999999999.000,999999999,999999999,999999999,999999999,999999999,999999999,999999999,999999999,999999999,999999999,999999999,9999999999,999999999,999999999,999999999,999999999,999999999,999999999,3,2098952,-63.01
95,2017-07-30 13:12:08,42946.5500984,999999999.0000000,999999999.000,999999999.000,57.874,-62.940,654.060,-49.784412,-68.275551,19114.00,999999999.000,999999999,999999999,999999999,999999999,999999999,999999999,999999999,999999999,999999999,999999999,999999999,9999999999,999999999,999999999,999999999,999999999,999999999,999999999,3,2098952,-62.94
96,2017-07-30 13:12:09,42946.5501100,999999999.0000000,999999999.000,999999999.000,58.114,-62.890,653.990,-49.784370,-68.274925,19089.00,999999999.000,999999999,999999999,999999999,999999999,999999999,999999999,999999999,999999999,999999999,999999999,999999999,9999999999,999999999,999999999,999999999,999999999,999999999,999999999,3,2098952,-62.89
97,2017-07-30 13:12:10,42946.5501215,999999999.0000000,999999999.000,999999999.000,58.394,-62.880,654.030,-49.784328,-68.274300,19066.00,999999999.000,999999999,999999999,999999999,999999999,999999999,999999999,999999999,999999999,999999999,999999999,999999999,9999999999,999999999,999999999,999999999,999999999,999999999,999999999,3,2098952,-62.88
98,2017-07-30 13:12:11,42946.5501331,999999999.0000000,999999999.000,999999999.000,58.614,-62.870,654.010,-49.784290,-68.273674,19041.00,999999999.000,999999999,999999999,999999999,999999999,999999999,999999999,999999999,999999999,999999999,999999999,999999999,9999999999,999999999,999999999,999999999,999999999,999999999,999999999,3,2098952,-62.87
99,2017-07-30 13:12:12,42946.5501447,999999999.0000000,999999999.000,999999999.000,58.844,-62.820,654.050,-49.784252,-68.273048,19017.00,999999999.000,999999999,999999999,999999999,999999999,999999999,999999999,999999999,999999999,999999999,999999999,999999999,9999999999,999999999,999999999,999999999,999999999,999999999,999999999,3,2098952,-62.82
100,2017-07-30 13:12:13,42946.5501563,999999999.0000000,999999999.000,999999999.000,59.084,-62.840,654.050,-49.784222,-68.272423,18995.00,999999999.000,999999999,999999999,999999999,999999999,999999999,999999999,999999999,999999999,999999999,999999999,999999999,9999999999,999999999,999999999,999999999,999999999,999999999,999999999,3,2098952,-62.84
101,2017-07-30 13:12:14,42946.5501678,999999999.0000000,999999999.000,999999999.000,59.314,-62.900,653.990,-49.784191,-68.271797,18973.00,999999999.000,999999999,999999999,999999999,999999999,999999999,999999999,999999999,999999999,999999999,999999999,999999999,9999999999,999999999,999999999,999999999,999999999,999999999,999999999,3,2098952,-62.90
102,2017-07-30 13:12:15,42946.5501794,999999999.0000000,999999999.000,999999999.000,59.574,-62.900,654.040,-49.784161,-68.271179,18949.00,999999999.000,999999999,999999999,999999999,999999999,999999999,999999999,999999999,999999999,999999999,999999999,999999999,9999999999,999999999,999999999,999999999,999999999,999999999,999999999,3,2098952,-62.90
103,2017-07-30 13:12:16,42946.5501910,999999999.0000000,999999999.000,999999999.000,59.844,-62.920,654.040,-49.784134,-68.270561,18924.00,999999999.000,999999999,999999999,999999999,999999999,999999999,999999999,999999999,999999999,999999999,999999999,999999999,9999999999,999999999,999999999,999999999,999999999,999999999,999999999,3,2098952,-62.92
104,2017-07-30 13:12:17,42946.5502025,999999999.0000000,999999999.000,999999999.000,60.144,-62.840,654.060,-49.784092,-68.269951,18899.00,999999999.000,999999999,999999999,999999999,999999999,999999999,999999999,999999999,999999999,999999999,999999999,999999999,9999999999,999999999,999999999,999999999,999999999,999999999,999999999,3,2098952,-62.84
105,2017-07-30 13:12:18,42946.5502141,999999999.0000000,999999999.000,999999999.000,60.344,-62.770,653.990,-49.784046,-68.269348,18874.00,999999999.000,999999999,999999999,999999999,999999999,999999999,999999999,999999999,999999999,999999999,999999999,999999999,9999999999,999999999,999999999,999999999,999999999,999999999,999999999,3,2098952,-62.77
106,2017-07-30 13:12:19,42946.5502257,999999999.0000000,999999999.000,999999999.000,60.564,-62.780,654.070,-49.783993,-68.268745,18850.00,999999999.000,999999999,999999999,999999999,999999999,999999999,999999999,999999999,999999999,999999999,999999999,999999999,9999999999,999999999,999999999,999999999,999999999,999999999,999999999,3,2098952,-62.78
107,2017-07-30 13:12:20,42946.5502373,999999999.0000000,999999999.000,999999999.000,60.834,-62.780,654.070,-49.783932,-68.268150,18824.00,999999999.000,999999999,999999999,999999999,999999999,999999999,999999999,999999999,999999999,999999999,999999999,999999999,9999999999,999999999,999999999,999999999,999999999,999999999,999999999,3,2098952,-62.78
108,2017-07-30 13:12:21,42946.5502488,999999999.0000000,999999999.000,999999999.000,61.044,-62.700,654.070,-49.783863,-68.267548,18799.00,999999999.000,999999999,999999999,999999999,999999999,999999999,999999999,999999999,999999999,999999999,999999999,999999999,9999999999,999999999,999999999,999999999,999999999,999999999,999999999,3,2098952,-62.70
109,2017-07-30 13:12:22,42946.5502604,999999999.0000000,999999999.000,999999999.000,61.274,-62.680,654.040,-49.783787,-68.266968,18774.00,999999999.000,999999999,999999999,999999999,999999999,999999999,999999999,999999999,999999999,999999999,999999999,999999999,9999999999,999999999,999999999,999999999,999999999,999999999,999999999,3,2098952,-62.68
110,2017-07-30 13:12:23,42946.5502720,999999999.0000000,999999999.000,999999999.000,61.544,-62.690,653.980,-49.783707,-68.266396,18750.00,999999999.000,999999999,999999999,999999999,999999999,999999999,999999999,999999999,999999999,999999999,999999999,999999999,9999999999,999999999,999999999,999999999,999999999,999999999,999999999,3,2098952,-62.69
111,2017-07-30 13:12:24,42946.5502836,999999999.0000000,999999999.000,999999999.000,61.804,-62.690,654.050,-49.783623,-68.265823,18725.00,999999999.000,999999999,999999999,999999999,999999999,999999999,999999999,999999999,999999999,999999999,999999999,999999999,9999999999,999999999,999999999,999999999,999999999,999999999,999999999,3,2098952,-62.69
112,2017-07-30 13:12:25,42946.5502951,999999999.0000000,999999999.000,999999999.000,999999999.000,999999999.000,999999999.000,999999999.000000,999999999.000000,999999999.00,999999999.000,999999999,999999999,999999999,999999999,999999999,999999999,999999999,999999999,999999999,999999999,999999999,9999999999,999999999,999999999,999999999,999999999,999999999,999999999,3,0,999999999.00
113,2017-07-30 13:12:26,42946.5503067,999999999.0000000,999999999.000,999999999.000,62.254,-62.720,654.050,-49.783440,-68.264664,18673.00,999999999.000,999999999,999999999,999999999,999999999,999999999,999999999,999999999,999999999,999999999,999999999,999999999,9999999999,999999999,999999999,999999999,999999999,999999999,999999999,3,2098952,-62.72
114,2017-07-30 13:12:27,42946.5503183,999999999.0000000,999999999.000,999999999.000,62.494,-62.790,654.020,-49.783340,-68.264084,18647.00,999999999.000,999999999,999999999,999999999,999999999,999999999,999999999,999999999,999999999,999999999,999999999,999999999,9999999999,999999999,999999999,999999999,999999999,999999999,999999999,3,2098952,-62.79
115,2017-07-30 13:12:28,42946.5503299,999999999.0000000,999999999.000,999999999.000,62.804,-62.810,654.090,-49.783241,-68.263512,18622.00,999999999.000,999999999,999999999,999999999,999999999,999999999,999999999,999999999,999999999,999999999,999999999,999999999,9999999999,999999999,999999999,999999999,999999999,999999999,999999999,3,2098952,-62.81
116,2017-07-30 13:12:29,42946.5503414,999999999.0000000,999999999.000,999999999.000,63.094,-62.890,654.100,-49.783134,-68.262924,18598.00,999999999.000,999999999,999999999,999999999,999999999,999999999,999999999,999999999,999999999,999999999,999999999,999999999,9999999999,999999999,999999999,999999999,999999999,999999999,999999999,3,2098952,-62.89
117,2017-07-30 13:12:30,42946.5503530,999999999.0000000,999999999.000,999999999.000,63.344,-62.970,654.110,-49.783024,-68.262344,18573.00,999999999.000,999999999,999999999,999999999,999999999,999999999,999999999,999999999,999999999,999999999,999999999,999999999,9999999999,999999999,999999999,999999999,999999999,999999999,999999999,3,2098952,-62.97
118,2017-07-30 13:12:31,42946.5503646,999999999.0000000,999999999.000,999999999.000,63.544,-62.970,654.090,-49.782909,-68.261765,18549.00,999999999.000,999999999,999999999,999999999,999999999,999999999,999999999,999999999,999999999,999999999,999999999,999999999,9999999999,999999999,999999999,999999999,999999999,999999999,999999999,3,2098952,-62.97
119,2017-07-30 13:12:32,42946.5503762,999999999.0000000,999999999.000,999999999.000,63.804,-62.900,654.040,-49.782799,-68.261177,18526.00,999999999.000,999999999,999999999,999999999,999999999,999999999,999999999,999999999,999999999,999999999,999999999,999999999,9999999999,999999999,999999999,999999999,999999999,999999999,999999999,3,2098952,-62.90
120,2017-07-30 13:12:33,42946.5503877,999999999.0000000,999999999.000,999999999.000,64.054,-62.860,654.080,-49.782684,-68.260590,18501.00,999999999.000,999999999,999999999,999999999,999999999,999999999,999999999,999999999,999999999,999999999,999999999,999999999,9999999999,999999999,999999999,999999999,999999999,999999999,999999999,3,2098952,-62.86
121,2017-07-30 13:12:34,42946.5503993,999999999.0000000,999999999.000,999999999.000,999999999.000,999999999.000,999999999.000,999999999.000000,999999999.000000,999999999.00,999999999.000,999999999,999999999,999999999,999999999,999999999,999999999,999999999,999999999,999999999,999999999,999999999,9999999999,999999999,999999999,999999999,999999999,999999999,999999999,3,0,999999999.00
122,2017-07-30 13:12:35,42946.5504109,999999999.0000000,999999999.000,999999999.000,64.644,-62.670,654.060,-49.782440,-68.259415,18453.00,999999999.000,999999999,999999999,999999999,999999999,999999999,999999999,999999999,999999999,999999999,999999999,999999999,9999999999,999999999,999999999,999999999,999999999,999999999,999999999,3,2098952,-62.67
123,2017-07-30 13:12:36,42946.5504225,999999999.0000000,999999999.000,999999999.000,64.834,-62.580,654.050,-49.782318,-68.258827,18429.00,999999999.000,999999999,999999999,999999999,999999999,999999999,999999999,999999999,999999999,999999999,999999999,999999999,9999999999,999999999,999999999,999999999,999999999,999999999,999999999,3,2098952,-62.58
124,2017-07-30 13:12:37,42946.5504340,999999999.0000000,999999999.000,999999999.000,999999999.000,999999999.000,999999999.000,999999999.000000,999999999.000000,999999999.00,999999999.000,999999999,999999999,999999999,999999999,999999999,999999999,999999999,999999999,999999999,999999999,999999999,9999999999,999999999,999999999,999999999,999999999,999999999,999999999,3,0,999999999.00
125,2017-07-30 13:12:38,42946.5504456,999999999.0000000,999999999.000,999999999.000,65.334,-62.250,654.060,-49.782070,-68.257668,18380.00,999999999.000,999999999,999999999,999999999,999999999,999999999,999999999,999999999,999999999,999999999,999999999,999999999,9999999999,999999999,999999999,999999999,999999999,999999999,999999999,3,2098952,-62.25
126,2017-07-30 13:12:39,42946.5504572,999999999.0000000,999999999.000,999999999.000,65.654,-62.090,654.020,-49.781952,-68.257088,18355.00,999999999.000,999999999,999999999,999999999,999999999,999999999,999999999,999999999,999999999,999999999,999999999,999999999,9999999999,999999999,999999999,999999999,999999999,999999999,999999999,3,2098952,-62.09
127,2017-07-30 13:12:40,42946.5504688,999999999.0000000,999999999.000,999999999.000,65.905,-61.980,654.030,-49.781830,-68.256508,18331.00,999999999.000,999999999,999999999,999999999,999999999,999999999,999999999,999999999,999999999,999999999,999999999,999999999,9999999999,999999999,999999999,999999999,999999999,999999999,999999999,3,2098952,-61.98
128,2017-07-30 13:12:41,42946.5504803,999999999.0000000,999999999.000,999999999.000,66.175,-61.940,653.960,-49.781708,-68.255905,18309.00,999999999.000,999999999,999999999,999999999,999999999,999999999,999999999,999999999,999999999,999999999,999999999,999999999,9999999999,999999999,999999999,999999999,999999999,999999999,999999999,3,2098952,-61.94
129,2017-07-30 13:12:42,42946.5504919,999999999.0000000,999999999.000,999999999.000,66.625,-62.020,654.060,-49.781593,-68.255295,18290.00,999999999.000,999999999,999999999,999999999,999999999,999999999,999999999,999999999,999999999,999999999,999999999,999999999,9999999999,999999999,999999999,999999999,999999999,999999999,999999999,3,2098952,-62.02
130,2017-07-30 13:12:43,42946.5505035,999999999.0000000,999999999.000,999999999.000,66.815,-62.040,654.060,-49.781475,-68.254692,18269.00,999999999.000,999999999,999999999,999999999,999999999,999999999,999999999,999999999,999999999,999999999,999999999,999999999,9999999999,999999999,999999999,999999999,999999999,999999999,999999999,3,2098952,-62.04
131,2017-07-30 13:12:44,42946.5505150,999999999.0000000,999999999.000,999999999.000,67.055,-62.030,654.060,-49.781361,-68.254082,18247.00,999999999.000,999999999,999999999,999999999,999999999,999999999,999999999,999999999,999999999,999999999,999999999,999999999,9999999999,999999999,999999999,999999999,999999999,999999999,999999999,3,2098952,-62.03
132,2017-07-30 13:12:45,42946.5505266,999999999.0000000,999999999.000,999999999.000,67.335,-62.030,654.040,-49.781246,-68.253471,18223.00,999999999.000,999999999,999999999,999999999,999999999,999999999,999999999,999999999,999999999,999999999,999999999,999999999,9999999999,999999999,999999999,999999999,999999999,999999999,999999999,3,2098952,-62.03
133,2017-07-30 13:12:46,42946.5505382,999999999.0000000,999999999.000,999999999.000,67.535,-62.040,654.020,-49.781128,-68.252853,18200.00,999999999.000,999999999,999999999,999999999,999999999,999999999,999999999,999999999,999999999,999999999,999999999,999999999,9999999999,999999999,999999999,999999999,999999999,999999999,999999999,3,2098952,-62.04
134,2017-07-30 13:12:47,42946.5505498,999999999.0000000,999999999.000,999999999.000,67.775,-62.060,654.070,-49.781013,-68.252235,18178.00,999999999.000,999999999,999999999,999999999,999999999,999999999,999999999,999999999,999999999,999999999,999999999,999999999,9999999999,999999999,999999999,999999999,999999999,999999999,999999999,3,2098952,-62.06
135,2017-07-30 13:12:48,42946.5505613,999999999.0000000,999999999.000,999999999.000,999999999.000,999999999.000,999999999.000,999999999.000000,999999999.000000,999999999.00,999999999.000,999999999,999999999,999999999,999999999,999999999,999999999,999999999,999999999,999999999,999999999,999999999,9999999999,999999999,999999999,999999999,999999999,999999999,999999999,3,0,999999999.00
136,2017-07-30 13:12:49,42946.5505729,999999999.0000000,999999999.000,999999999.000,68.365,-62.090,654.080,-49.780788,-68.250984,18132.00,999999999.000,999999999,999999999,999999999,999999999,999999999,999999999,999999999,999999999,999999999,999999999,999999999,9999999999,999999999,999999999,999999999,999999999,999999999,999999999,3,2098952,-62.09
137,2017-07-30 13:12:50,42946.5505845,999999999.0000000,999999999.000,999999999.000,68.565,-62.180,654.040,-49.780670,-68.250366,18110.00,999999999.000,999999999,999999999,999999999,999999999,999999999,999999999,999999999,999999999,999999999,999999999,999999999,9999999999,999999999,999999999,999999999,999999999,999999999,999999999,3,2098952,-62.18
138,2017-07-30 13:12:51,42946.5505961,999999999.0000000,999999999.000,999999999.000,68.805,-62.290,654.120,-49.780556,-68.249741,18087.00,999999999.000,999999999,999999999,999999999,999999999,999999999,999999999,999999999,999999999,999999999,999999999,999999999,9999999999,999999999,999999999,999999999,999999999,999999999,999999999,3,2098952,-62.29
139,2017-07-30 13:12:52,42946.5506076,999999999.0000000,999999999.000,999999999.000,68.995,-62.330,654.110,-49.780441,-68.249130,18063.00,999999999.000,999999999,999999999,999999999,999999999,999999999,999999999,999999999,999999999,999999999,999999999,999999999,9999999999,999999999,999999999,999999999,999999999,999999999,999999999,3,2098952,-62.33
140,2017-07-30 13:12:53,42946.5506192,999999999.0000000,999999999.000,999999999.000,69.275,-62.340,654.090,-49.780334,-68.248505,18038.00,999999999.000,999999999,999999999,999999999,999999999,999999999,999999999,999999999,999999999,999999999,999999999,999999999,9999999999,999999999,999999999,999999999,999999999,999999999,999999999,3,2098952,-62.34
141,2017-07-30 13:12:54,42946.5506308,999999999.0000000,999999999.000,999999999.000,69.555,-62.570,654.160,-49.780224,-68.247902,18014.00,999999999.000,999999999,999999999,999999999,999999999,999999999,999999999,999999999,999999999,999999999,999999999,999999999,9999999999,999999999,999999999,999999999,999999999,999999999,999999999,3,2098952,-62.57
142,2017-07-30 13:12:55,42946.5506424,999999999.0000000,999999999.000,999999999.000,69.825,-62.810,654.100,-49.780125,-68.247292,17990.00,999999999.000,999999999,999999999,999999999,999999999,999999999,999999999,999999999,999999999,999999999,999999999,999999999,9999999999,999999999,999999999,999999999,999999999,999999999,999999999,3,2098952,-62.81
143,2017-07-30 13:12:56,42946.5506539,999999999.0000000,999999999.000,999999999.000,70.085,-62.920,654.150,-49.780025,-68.246681,17966.00,999999999.000,999999999,999999999,999999999,999999999,999999999,999999999,999999999,999999999,999999999,999999999,999999999,9999999999,999999999,999999999,999999999,999999999,999999999,999999999,3,2098952,-62.92
144,2017-07-30 13:12:57,42946.5506655,999999999.0000000,999999999.000,999999999.000,70.395,-62.980,654.160,-49.779926,-68.246078,17942.00,999999999.000,999999999,999999999,999999999,999999999,999999999,999999999,999999999,999999999,999999999,999999999,999999999,9999999999,999999999,999999999,999999999,999999999,999999999,999999999,3,2098952,-62.98
145,2017-07-30 13:12:58,42946.5506771,999999999.0000000,999999999.000,999999999.000,70.665,-63.020,654.170,-49.779827,-68.245483,17918.00,999999999.000,999999999,999999999,999999999,999999999,999999999,999999999,999999999,999999999,999999999,999999999,999999999,9999999999,999999999,999999999,999999999,999999999,999999999,999999999,3,2098952,-63.02
146,2017-07-30 13:12:59,42946.5506887,999999999.0000000,999999999.000,999999999.000,70.945,-63.050,654.110,-49.779728,-68.244896,17893.00,999999999.000,999999999,999999999,999999999,999999999,999999999,999999999,999999999,999999999,999999999,999999999,999999999,9999999999,999999999,999999999,999999999,999999999,999999999,999999999,3,2098952,-63.05
147,2017-07-30 13:13:00,42946.5507002,999999999.0000000,999999999.000,999999999.000,71.255,-63.100,654.160,-49.779629,-68.244308,17868.00,999999999.000,999999999,999999999,999999999,999999999,999999999,999999999,999999999,999999999,999999999,999999999,999999999,9999999999,999999999,999999999,999999999,999999999,999999999,999999999,3,2098952,-63.10
148,2017-07-30 13:13:01,42946.5507118,999999999.0000000,999999999.000,999999999.000,71.535,-63.070,654.160,-49.779530,-68.243729,17843.00,999999999.000,999999999,999999999,999999999,999999999,999999999,999999999,999999999,999999999,999999999,999999999,999999999,9999999999,999999999,999999999,999999999,999999999,999999999,999999999,3,2098952,-63.07
149,2017-07-30 13:13:02,42946.5507234,999999999.0000000,999999999.000,999999999.000,71.825,-63.110,654.140,-49.779442,-68.243141,17818.00,999999999.000,999999999,999999999,999999999,999999999,999999999,999999999,999999999,999999999,999999999,999999999,999999999,9999999999,999999999,999999999,999999999,999999999,999999999,999999999,3,2098952,-63.11
150,2017-07-30 13:13:03,42946.5507350,999999999.0000000,999999999.000,999999999.000,72.095,-63.070,654.140,-49.779350,-68.242577,17792.00,999999999.000,999999999,999999999,999999999,999999999,999999999,999999999,999999999,999999999,999999999,999999999,999999999,9999999999,999999999,999999999,999999999,999999999,999999999,999999999,3,2098952,-63.07
151,2017-07-30 13:13:04,42946.5507465,999999999.0000000,999999999.000,999999999.000,72.395,-62.960,654.080,-49.779263,-68.242012,17767.00,999999999.000,999999999,999999999,999999999,999999999,999999999,999999999,999999999,999999999,999999999,999999999,999999999,9999999999,999999999,999999999,999999999,999999999,999999999,999999999,3,2098952,-62.96
152,2017-07-30 13:13:05,42946.5507581,999999999.0000000,999999999.000,999999999.000,72.695,-63.060,654.140,-49.779186,-68.241447,17745.00,999999999.000,999999999,999999999,999999999,999999999,999999999,999999999,999999999,999999999,999999999,999999999,999999999,9999999999,999999999,999999999,999999999,999999999,999999999,999999999,3,2098952,-63.06
153,2017-07-30 13:13:06,42946.5507697,999999999.0000000,999999999.000,999999999.000,72.955,-63.010,654.180,-49.779110,-68.240875,17722.00,999999999.000,999999999,999999999,999999999,999999999,999999999,999999999,999999999,999999999,999999999,999999999,999999999,9999999999,999999999,999999999,999999999,999999999,999999999,999999999,3,2098952,-63.01
154,2017-07-30 13:13:07,42946.5507813,999999999.0000000,999999999.000,999999999.000,73.185,-62.940,654.170,-49.779030,-68.240311,17700.00,999999999.000,999999999,999999999,999999999,999999999,999999999,999999999,999999999,999999999,999999999,999999999,999999999,9999999999,999999999,999999999,999999999,999999999,999999999,999999999,3,2098952,-62.94
155,2017-07-30 13:13:08,42946.5507928,999999999.0000000,999999999.000,999999999.000,73.515,-62.800,654.070,-49.778950,-68.239746,17676.00,999999999.000,999999999,999999999,999999999,999999999,999999999,999999999,999999999,999999999,999999999,999999999,999999999,9999999999,999999999,999999999,999999999,999999999,999999999,999999999,3,2098952,-62.80
156,2017-07-30 13:13:09,42946.5508044,999999999.0000000,999999999.000,999999999.000,999999999.000,999999999.000,999999999.000,999999999.000000,999999999.000000,999999999.00,999999999.000,999999999,999999999,999999999,999999999,999999999,999999999,999999999,999999999,999999999,999999999,999999999,9999999999,999999999,999999999,999999999,999999999,999999999,999999999,3,0,999999999.00
157,2017-07-30 13:13:10,42946.5508160,999999999.0000000,999999999.000,999999999.000,74.075,-62.460,654.140,-49.778786,-68.238609,17629.00,999999999.000,999999999,999999999,999999999,999999999,999999999,999999999,999999999,999999999,999999999,999999999,999999999,9999999999,999999999,999999999,999999999,999999999,999999999,999999999,3,2098952,-62.46
158,2017-07-30 13:13:11,42946.5508275,999999999.0000000,999999999.000,999999999.000,74.395,-62.330,654.110,-49.778706,-68.238029,17606.00,999999999.000,999999999,999999999,999999999,999999999,999999999,999999999,999999999,999999999,999999999,999999999,999999999,9999999999,999999999,999999999,999999999,999999999,999999999,999999999,3,2098952,-62.33
159,2017-07-30 13:13:12,42946.5508391,999999999.0000000,999999999.000,999999999.000,74.705,-62.460,654.120,-49.778629,-68.237442,17583.00,999999999.000,999999999,999999999,999999999,999999999,999999999,999999999,999999999,999999999,999999999,999999999,999999999,9999999999,999999999,999999999,999999999,999999999,999999999,999999999,3,2098952,-62.46
160,2017-07-30 13:13:13,42946.5508507,999999999.0000000,999999999.000,999999999.000,74.875,-62.560,654.130,-49.778561,-68.236839,17560.00,999999999.000,999999999,999999999,999999999,999999999,999999999,999999999,999999999,999999999,999999999,999999999,999999999,9999999999,999999999,999999999,999999999,999999999,999999999,999999999,3,2098952,-62.56
161,2017-07-30 13:13:14,42946.5508623,999999999.0000000,999999999.000,999999999.000,75.235,-62.500,654.130,-49.778492,-68.236244,17538.00,999999999.000,999999999,999999999,999999999,999999999,999999999,999999999,999999999,999999999,999999999,999999999,999999999,9999999999,999999999,999999999,999999999,999999999,999999999,999999999,3,2098952,-62.50
162,2017-07-30 13:13:15,42946.5508738,999999999.0000000,999999999.000,999999999.000,75.505,-62.410,654.120,-49.778419,-68.235649,17515.00,999999999.000,999999999,999999999,999999999,999999999,999999999,999999999,999999999,999999999,999999999,999999999,999999999,9999999999,999999999,999999999,999999999,999999999,999999999,999999999,3,2098952,-62.41
163,2017-07-30 13:13:16,42946.5508854,999999999.0000000,999999999.000,999999999.000,75.775,-62.230,654.100,-49.778343,-68.235046,17490.00,999999999.000,999999999,999999999,999999999,999999999,999999999,999999999,999999999,999999999,999999999,999999999,999999999,9999999999,999999999,999999999,999999999,999999999,999999999,999999999,3,2098952,-62.23
164,2017-07-30 13:13:17,42946.5508970,999999999.0000000,999999999.000,999999999.000,76.115,-62.050,654.040,-49.778259,-68.234444,17465.00,999999999.000,999999999,999999999,999999999,999999999,999999999,999999999,999999999,999999999,999999999,999999999,999999999,9999999999,999999999,999999999,999999999,999999999,999999999,999999999,3,2098952,-62.05
165,2017-07-30 13:13:18,42946.5509086,999999999.0000000,999999999.000,999999999.000,76.465,-61.850,654.080,-49.778183,-68.233856,17440.00,999999999.000,999999999,999999999,999999999,999999999,999999999,999999999,999999999,999999999,999999999,999999999,999999999,9999999999,999999999,999999999,999999999,999999999,999999999,999999999,3,2098952,-61.85
166,2017-07-30 13:13:19,42946.5509201,999999999.0000000,999999999.000,999999999.000,76.755,-61.740,654.070,-49.778107,-68.233276,17416.00,999999999.000,999999999,999999999,999999999,999999999,999999999,999999999,999999999,999999999,999999999,999999999,999999999,9999999999,999999999,999999999,999999999,999999999,999999999,999999999,3,2098952,-61.74
167,2017-07-30 13:13:20,42946.5509317,999999999.0000000,999999999.000,999999999.000,77.035,-61.540,654.050,-49.778034,-68.232689,17391.00,999999999.000,999999999,999999999,999999999,999999999,999999999,999999999,999999999,999999999,999999999,999999999,999999999,9999999999,999999999,999999999,999999999,999999999,999999999,999999999,3,2098952,-61.54
168,2017-07-30 13:13:21,42946.5509433,999999999.0000000,999999999.000,999999999.000,77.325,-61.440,654.040,-49.777958,-68.232101,17367.00,999999999.000,999999999,999999999,999999999,999999999,999999999,999999999,999999999,999999999,999999999,999999999,999999999,9999999999,999999999,999999999,999999999,999999999,999999999,999999999,3,2098952,-61.44
169,2017-07-30 13:13:22,42946.5509549,999999999.0000000,999999999.000,999999999.000,77.645,-61.350,653.970,-49.777878,-68.231514,17343.00,999999999.000,999999999,999999999,999999999,999999999,999999999,999999999,999999999,999999999,999999999,999999999,999999999,9999999999,999999999,999999999,999999999,999999999,999999999,999999999,3,2098952,-61.35
170,2017-07-30 13:13:23,42946.5509664,999999999.0000000,999999999.000,999999999.000,77.935,-61.260,654.050,-49.777794,-68.230934,17318.00,999999999.000,999999999,999999999,999999999,999999999,999999999,999999999,999999999,999999999,999999999,999999999,999999999,9999999999,999999999,999999999,999999999,999999999,999999999,999999999,3,2098952,-61.26
171,2017-07-30 13:13:24,42946.5509780,999999999.0000000,999999999.000,999999999.000,78.275,-61.180,654.060,-49.777710,-68.230377,17294.00,999999999.000,999999999,999999999,999999999,999999999,999999999,999999999,999999999,999999999,999999999,999999999,999999999,9999999999,999999999,999999999,999999999,999999999,999999999,999999999,3,2098952,-61.18
172,2017-07-30 13:13:25,42946.5509896,999999999.0000000,999999999.000,999999999.000,78.575,-61.150,654.100,-49.777637,-68.229820,17269.00,999999999.000,999999999,999999999,999999999,999999999,999999999,999999999,999999999,999999999,999999999,999999999,999999999,9999999999,999999999,999999999,999999999,999999999,999999999,999999999,3,2098952,-61.15
173,2017-07-30 13:13:26,42946.5510012,999999999.0000000,999999999.000,999999999.000,78.885,-61.140,654.000,-49.777565,-68.229256,17246.00,999999999.000,999999999,999999999,999999999,999999999,999999999,999999999,999999999,999999999,999999999,999999999,999999999,9999999999,999999999,999999999,999999999,999999999,999999999,999999999,3,2098952,-61.14
174,2017-07-30 13:13:27,42946.5510127,999999999.0000000,999999999.000,999999999.000,79.215,-61.130,654.080,-49.777493,-68.228691,17223.00,999999999.000,999999999,999999999,999999999,999999999,999999999,999999999,999999999,999999999,999999999,999999999,999999999,9999999999,999999999,999999999,999999999,999999999,999999999,999999999,3,2098952,-61.13
175,2017-07-30 13:13:28,42946.5510243,999999999.0000000,999999999.000,999999999.000,79.595,-61.010,654.050,-49.777420,-68.228142,17201.00,999999999.000,999999999,999999999,999999999,999999999,999999999,999999999,999999999,999999999,999999999,999999999,999999999,9999999999,999999999,999999999,999999999,999999999,999999999,999999999,3,2098952,-61.01
176,2017-07-30 13:13:29,42946.5510359,999999999.0000000,999999999.000,999999999.000,79.895,-60.860,654.010,-49.777344,-68.227600,17178.00,999999999.000,999999999,999999999,999999999,999999999,999999999,999999999,999999999,999999999,999999999,999999999,999999999,9999999999,999999999,999999999,999999999,999999999,999999999,999999999,3,2098952,-60.86
177,2017-07-30 13:13:30,42946.5510475,999999999.0000000,999999999.000,999999999.000,999999999.000,999999999.000,999999999.000,999999999.000000,999999999.000000,999999999.00,999999999.000,999999999,999999999,999999999,999999999,999999999,999999999,999999999,999999999,999999999,999999999,999999999,9999999999,999999999,999999999,999999999,999999999,999999999,999999999,3,0,999999999.00
178,2017-07-30 13:13:31,42946.5510590,999999999.0000000,999999999.000,999999999.000,80.406,-60.810,653.990,-49.777191,-68.226501,17135.00,999999999.000,999999999,999999999,999999999,999999999,999999999,999999999,999999999,999999999,999999999,999999999,999999999,9999999999,999999999,999999999,999999999,999999999,999999999,999999999,3,2098952,-60.81
179,2017-07-30 13:13:32,42946.5510706,999999999.0000000,999999999.000,999999999.000,80.696,-60.770,654.070,-49.777119,-68.225960,17114.00,999999999.000,999999999,999999999,999999999,999999999,999999999,999999999,999999999,999999999,999999999,999999999,999999999,9999999999,999999999,999999999,999999999,999999999,999999999,999999999,3,2098952,-60.77
180,2017-07-30 13:13:33,42946.5510822,999999999.0000000,999999999.000,999999999.000,999999999.000,999999999.000,999999999.000,999999999.000000,999999999.000000,999999999.00,999999999.000,999999999,999999999,999999999,999999999,999999999,999999999,999999999,999999999,999999999,999999999,999999999,9999999999,999999999,999999999,999999999,999999999,999999999,999999999,3,0,999999999.00
181,2017-07-30 13:13:34,42946.5510938,999999999.0000000,999999999.000,999999999.000,81.276,-60.680,654.060,-49.776981,-68.224907,17071.00,999999999.000,999999999,999999999,999999999,999999999,999999999,999999999,999999999,999999999,999999999,999999999,999999999,9999999999,999999999,999999999,999999999,999999999,999999999,999999999,3,2098952,-60.68
182,2017-07-30 13:13:35,42946.5511053,999999999.0000000,999999999.000,999999999.000,81.596,-60.680,654.040,-49.776909,-68.224373,17048.00,999999999.000,999999999,999999999,999999999,999999999,999999999,999999999,999999999,999999999,999999999,999999999,999999999,9999999999,999999999,999999999,999999999,999999999,999999999,999999999,3,2098952,-60.68
183,2017-07-30 13:13:36,42946.5511169,999999999.0000000,999999999.000,999999999.000,81.876,-60.610,654.070,-49.776836,-68.223839,17026.00,999999999.000,999999999,999999999,999999999,999999999,999999999,999999999,999999999,999999999,999999999,999999999,999999999,9999999999,999999999,999999999,999999999,999999999,999999999,999999999,3,2098952,-60.61
184,2017-07-30 13:13:37,42946.5511285,999999999.0000000,999999999.000,999999999.000,82.146,-60.570,654.070,-49.776764,-68.223320,17003.00,999999999.000,999999999,999999999,999999999,999999999,999999999,999999999,999999999,999999999,999999999,999999999,999999999,9999999999,999999999,999999999,999999999,999999999,999999999,999999999,3,2098952,-60.57
185,2017-07-30 13:13:38,42946.5511400,999999999.0000000,999999999.000,999999999.000,82.446,-60.480,654.040,-49.776684,-68.222778,16981.00,999999999.000,999999999,999999999,999999999,999999999,999999999,999999999,999999999,999999999,999999999,999999999,999999999,9999999999,999999999,999999999,999999999,999999999,999999999,999999999,3,2098952,-60.48
186,2017-07-30 13:13:39,42946.5511516,999999999.0000000,999999999.000,999999999.000,999999999.000,999999999.000,999999999.000,999999999.000000,999999999.000000,999999999.00,999999999.000,999999999,999999999,999999999,999999999,999999999,999999999,999999999,999999999,999999999,999999999,999999999,9999999999,999999999,999999999,999999999,999999999,999999999,999999999,3,0,999999999.00
187,2017-07-30 13:13:40,42946.5511632,999999999.0000000,999999999.000,999999999.000,82.696,-60.430,654.020,-49.776524,-68.221703,16937.00,999999999.000,999999999,999999999,999999999,999999999,999999999,999999999,999999999,999999999,999999999,999999999,999999999,9999999999,999999999,999999999,999999999,999999999,999999999,999999999,3,2098952,-60.43
188,2017-07-30 13:13:41,42946.5511748,999999999.0000000,999999999.000,999999999.000,83.036,-60.300,654.050,-49.776440,-68.221176,16915.00,999999999.000,999999999,999999999,999999999,999999999,999999999,999999999,999999999,999999999,999999999,999999999,999999999,9999999999,999999999,999999999,999999999,999999999,999999999,999999999,3,2098952,-60.30
189,2017-07-30 13:13:42,42946.5511863,999999999.0000000,999999999.000,999999999.000,83.396,-60.340,654.090,-49.776352,-68.220657,16894.00,999999999.000,999999999,999999999,999999999,999999999,999999999,999999999,999999999,999999999,999999999,999999999,999999999,9999999999,999999999,999999999,999999999,999999999,999999999,999999999,3,2098952,-60.34
190,2017-07-30 13:13:43,42946.5511979,999999999.0000000,999999999.000,999999999.000,83.746,-60.350,654.070,-49.776268,-68.220116,16872.00,999999999.000,999999999,999999999,999999999,999999999,999999999,999999999,999999999,999999999,999999999,999999999,999999999,9999999999,999999999,999999999,999999999,999999999,999999999,999999999,3,2098952,-60.35
191,2017-07-30 13:13:44,42946.5512095,999999999.0000000,999999999.000,999999999.000,84.046,-60.360,654.010,-49.776180,-68.219582,16849.00,999999999.000,999999999,999999999,999999999,999999999,999999999,999999999,999999999,999999999,999999999,999999999,999999999,9999999999,999999999,999999999,999999999,999999999,999999999,999999999,3,2098952,-60.36
192,2017-07-30 13:13:45,42946.5512211,999999999.0000000,999999999.000,999999999.000,84.396,-60.340,654.140,-49.776093,-68.219055,16826.00,999999999.000,999999999,999999999,999999999,999999999,999999999,999999999,999999999,999999999,999999999,999999999,999999999,9999999999,999999999,999999999,999999999,999999999,999999999,999999999,3,2098952,-60.34
193,2017-07-30 13:13:46,42946.5512326,999999999.0000000,999999999.000,999999999.000,84.736,-60.380,654.120,-49.776005,-68.218536,16803.00,999999999.000,999999999,999999999,999999999,999999999,999999999,999999999,999999999,999999999,999999999,999999999,999999999,9999999999,999999999,999999999,999999999,999999999,999999999,999999999,3,2098952,-60.38
194,2017-07-30 13:13:47,42946.5512442,999999999.0000000,999999999.000,999999999.000,999999999.000,999999999.000,999999999.000,999999999.000000,999999999.000000,999999999.00,999999999.000,999999999,999999999,999999999,999999999,999999999,999999999,999999999,999999999,999999999,999999999,999999999,9999999999,999999999,999999999,999999999,999999999,999999999,999999999,3,0,999999999.00
195,2017-07-30 13:13:48,42946.5512558,999999999.0000000,999999999.000,999999999.000,85.406,-60.630,654.150,-49.775848,-68.217484,16765.00,999999999.000,999999999,999999999,999999999,999999999,999999999,999999999,999999999,999999999,999999999,999999999,999999999,9999999999,999999999,999999999,999999999,999999999,999999999,999999999,3,2098952,-60.63
196,2017-07-30 13:13:49,42946.5512674,999999999.0000000,999999999.000,999999999.000,85.656,-60.730,654.120,-49.775772,-68.216972,16747.00,999999999.000,999999999,999999999,999999999,999999999,999999999,999999999,999999999,999999999,999999999,999999999,999999999,9999999999,999999999,999999999,999999999,999999999,999999999,999999999,3,2098952,-60.73
197,2017-07-30 13:13:50,42946.5512789,999999999.0000000,999999999.000,999999999.000,86.006,-60.790,654.190,-49.775696,-68.216476,16728.00,999999999.000,999999999,999999999,999999999,999999999,999999999,999999999,999999999,999999999,999999999,999999999,999999999,9999999999,999999999,999999999,999999999,999999999,999999999,999999999,3,2098952,-60.79
198,2017-07-30 13:13:51,42946.5512905,999999999.0000000,999999999.000,999999999.000,86.296,-60.730,654.140,-49.775616,-68.215973,16708.00,999999999.000,999999999,999999999,999999999,999999999,999999999,999999999,999999999,999999999,999999999,999999999,999999999,9999999999,999999999,999999999,999999999,999999999,999999999,999999999,3,2098952,-60.73
199,2017-07-30 13:13:52,42946.5513021,999999999.0000000,999999999.000,999999999.000,86.596,-60.650,654.160,-49.775536,-68.215485,16688.00,999999999.000,999999999,999999999,999999999,999999999,999999999,999999999,999999999,999999999,999999999,999999999,999999999,9999999999,999999999,999999999,999999999,999999999,999999999,999999999,3,2098952,-60.65
200,2017-07-30 13:13:53,42946.5513137,999999999.0000000,999999999.000,999999999.000,86.886,-60.640,654.090,-49.775455,-68.215012,16666.00,999999999.000,999999999,999999999,999999999,999999999,999999999,999999999,999999999,999999999,999999999,999999999,999999999,9999999999,999999999,999999999,999999999,999999999,999999999,999999999,3,2098952,-60.64
201,2017-07-30 13:13:54,42946.5513252,999999999.0000000,999999999.000,999999999.000,87.156,-60.600,654.150,-49.775379,-68.214539,16645.00,999999999.000,999999999,999999999,999999999,999999999,999999999,999999999,999999999,999999999,999999999,999999999,999999999,9999999999,999999999,999999999,999999999,999999999,999999999,999999999,3,2098952,-60.60
202,2017-07-30 13:13:55,42946.5513368,999999999.0000000,999999999.000,999999999.000,87.466,-60.710,654.190,-49.775299,-68.214066,16623.00,999999999.000,999999999,999999999,999999999,999999999,999999999,999999999,999999999,999999999,999999999,999999999,999999999,9999999999,999999999,999999999,999999999,999999999,999999999,999999999,3,2098952,-60.71
203,2017-07-30 13:13:56,42946.5513484,999999999.0000000,999999999.000,999999999.000,87.786,-60.710,654.150,-49.775200,-68.213600,16601.00,999999999.000,999999999,999999999,999999999,999999999,999999999,999999999,999999999,999999999,999999999,999999999,999999999,9999999999,999999999,999999999,999999999,999999999,999999999,999999999,3,2098952,-60.71
204,2017-07-30 13:13:57,42946.5513600,999999999.0000000,999999999.000,999999999.000,88.106,-60.640,654.160,-49.775105,-68.213135,16579.00,999999999.000,999999999,999999999,999999999,999999999,999999999,999999999,999999999,999999999,999999999,999999999,999999999,9999999999,999999999,999999999,999999999,999999999,999999999,999999999,3,2098952,-60.64
205,2017-07-30 13:13:58,42946.5513715,999999999.0000000,999999999.000,999999999.000,88.386,-60.530,654.110,-49.775005,-68.212669,16556.00,999999999.000,999999999,999999999,999999999,999999999,999999999,999999999,999999999,999999999,999999999,999999999,999999999,9999999999,999999999,999999999,999999999,999999999,999999999,999999999,3,2098952,-60.53
206,2017-07-30 13:13:59,42946.5513831,999999999.0000000,999999999.000,999999999.000,88.716,-60.360,654.170,-49.774902,-68.212204,16534.00,999999999.000,999999999,999999999,999999999,999999999,999999999,999999999,999999999,999999999,999999999,999999999,999999999,9999999999,999999999,999999999,999999999,999999999,999999999,999999999,3,2098952,-60.36
207,2017-07-30 13:14:00,42946.5513947,999999999.0000000,999999999.000,999999999.000,89.096,-60.230,654.160,-49.774803,-68.211739,16511.00,999999999.000,999999999,999999999,999999999,999999999,999999999,999999999,999999999,999999999,999999999,999999999,999999999,9999999999,999999999,999999999,999999999,999999999,999999999,999999999,3,2098952,-60.23
208,2017-07-30 13:14:01,42946.5514063,999999999.0000000,999999999.000,999999999.000,89.346,-60.100,654.150,-49.774712,-68.211266,16489.00,999999999.000,999999999,999999999,999999999,999999999,999999999,999999999,999999999,999999999,999999999,999999999,999999999,9999999999,999999999,999999999,999999999,999999999,999999999,999999999,3,2098952,-60.10
209,2017-07-30 13:14:02,42946.5514178,999999999.0000000,999999999.000,999999999.000,89.666,-60.030,654.120,-49.774616,-68.210785,16468.00,999999999.000,999999999,999999999,999999999,999999999,999999999,999999999,999999999,999999999,999999999,999999999,999999999,9999999999,999999999,999999999,999999999,999999999,999999999,999999999,3,2098952,-60.03
210,2017-07-30 13:14:03,42946.5514294,999999999.0000000,999999999.000,999999999.000,999999999.000,999999999.000,999999999.000,999999999.000000,999999999.000000,999999999.00,999999999.000,999999999,999999999,999999999,999999999,999999999,999999999,999999999,999999999,999999999,999999999,999999999,9999999999,999999999,999999999,999999999,999999999,999999999,999999999,3,0,999999999.00
211,2017-07-30 13:14:04,42946.5514410,999999999.0000000,999999999.000,999999999.000,999999999.000,999999999.000,999999999.000,999999999.000000,999999999.000000,999999999.00,999999999.000,999999999,999999999,999999999,999999999,999999999,999999999,999999999,999999999,999999999,999999999,999999999,9999999999,999999999,999999999,999999999,999999999,999999999,999999999,3,0,999999999.00
212,2017-07-30 13:14:05,42946.5514525,999999999.0000000,999999999.000,999999999.000,90.596,-59.810,654.100,-49.774292,-68.209312,16405.00,999999999.000,999999999,999999999,999999999,999999999,999999999,999999999,999999999,999999999,999999999,999999999,999999999,9999999999,999999999,999999999,999999999,999999999,999999999,999999999,3,2098952,-59.81
213,2017-07-30 13:14:06,42946.5514641,999999999.0000000,999999999.000,999999999.000,90.836,-59.820,654.100,-49.774178,-68.208824,16383.00,999999999.000,999999999,999999999,999999999,999999999,999999999,999999999,999999999,999999999,999999999,999999999,999999999,9999999999,999999999,999999999,999999999,999999999,999999999,999999999,3,2098952,-59.82
214,2017-07-30 13:14:07,42946.5514757,999999999.0000000,999999999.000,999999999.000,91.226,-60.010,654.080,-49.774063,-68.208336,16363.00,999999999.000,999999999,999999999,999999999,999999999,999999999,999999999,999999999,999999999,999999999,999999999,999999999,9999999999,999999999,999999999,999999999,999999999,999999999,999999999,3,2098952,-60.01
215,2017-07-30 13:14:08,42946.5514873,999999999.0000000,999999999.000,999999999.000,91.526,-60.050,654.110,-49.773949,-68.207832,16343.00,999999999.000,999999999,999999999,999999999,999999999,999999999,999999999,999999999,999999999,999999999,999999999,999999999,9999999999,999999999,999999999,999999999,999999999,999999999,999999999,3,2098952,-60.05
216,2017-07-30 13:14:09,42946.5514988,999999999.0000000,999999999.000,999999999.000,91.836,-60.060,654.110,-49.773842,-68.207336,16324.00,999999999.000,999999999,999999999,999999999,999999999,999999999,999999999,999999999,999999999,999999999,999999999,999999999,9999999999,999999999,999999999,999999999,999999999,999999999,999999999,3,2098952,-60.06
217,2017-07-30 13:14:10,42946.5515104,999999999.0000000,999999999.000,999999999.000,92.146,-60.100,654.160,-49.773727,-68.206833,16304.00,999999999.000,999999999,999999999,999999999,999999999,999999999,999999999,999999999,999999999,999999999,999999999,999999999,9999999999,999999999,999999999,999999999,999999999,999999999,999999999,3,2098952,-60.10
218,2017-07-30 13:14:11,42946.5515220,999999999.0000000,999999999.000,999999999.000,92.436,-60.040,654.150,-49.773624,-68.206322,16284.00,999999999.000,999999999,999999999,999999999,999999999,999999999,999999999,999999999,999999999,999999999,999999999,999999999,9999999999,999999999,999999999,999999999,999999999,999999999,999999999,3,2098952,-60.04
219,2017-07-30 13:14:12,42946.5515336,999999999.0000000,999999999.000,999999999.000,92.706,-59.990,654.110,-49.773525,-68.205826,16265.00,999999999.000,999999999,999999999,999999999,999999999,999999999,999999999,999999999,999999999,999999999,999999999,999999999,9999999999,999999999,999999999,999999999,999999999,999999999,999999999,3,2098952,-59.99
220,2017-07-30 13:14:13,42946.5515451,999999999.0000000,999999999.000,999999999.000,92.986,-59.920,654.160,-49.773430,-68.205322,16245.00,999999999.000,999999999,999999999,999999999,999999999,999999999,999999999,999999999,999999999,999999999,999999999,999999999,9999999999,999999999,999999999,999999999,999999999,999999999,999999999,3,2098952,-59.92
221,2017-07-30 13:14:14,42946.5515567,999999999.0000000,999999999.000,999999999.000,93.306,-59.950,654.150,-49.773346,-68.204819,16225.00,999999999.000,999999999,999999999,999999999,999999999,999999999,999999999,999999999,999999999,999999999,999999999,999999999,9999999999,999999999,999999999,999999999,999999999,999999999,999999999,3,2098952,-59.95
222,2017-07-30 13:14:15,42946.5515683,999999999.0000000,999999999.000,999999999.000,93.586,-60.140,654.170,-49.773266,-68.204323,16206.00,999999999.000,999999999,999999999,999999999,999999999,999999999,999999999,999999999,999999999,999999999,999999999,999999999,9999999999,999999999,999999999,999999999,999999999,999999999,999999999,3,2098952,-60.14
223,2017-07-30 13:14:16,42946.5515799,999999999.0000000,999999999.000,999999999.000,93.876,-60.280,654.140,-49.773190,-68.203819,16187.00,999999999.000,999999999,999999999,999999999,999999999,999999999,999999999,999999999,999999999,999999999,999999999,999999999,9999999999,999999999,999999999,999999999,999999999,999999999,999999999,3,2098952,-60.28
224,2017-07-30 13:14:17,42946.5515914,999999999.0000000,999999999.000,999999999.000,94.196,-60.390,654.220,-49.773113,-68.203316,16169.00,999999999.000,999999999,999999999,999999999,999999999,999999999,999999999,999999999,999999999,999999999,999999999,999999999,9999999999,999999999,999999999,999999999,999999999,999999999,999999999,3,2098952,-60.39
225,2017-07-30 13:14:18,42946.5516030,999999999.0000000,999999999.000,999999999.000,94.516,-60.380,654.240,-49.773048,-68.202827,16150.00,999999999.000,999999999,999999999,999999999,999999999,999999999,999999999,999999999,999999999,999999999,999999999,999999999,9999999999,999999999,999999999,999999999,999999999,999999999,999999999,3,2098952,-60.38
226,2017-07-30 13:14:19,42946.5516146,999999999.0000000,999999999.000,999999999.000,94.756,-60.390,654.240,-49.772984,-68.202347,16132.00,999999999.000,999999999,999999999,999999999,999999999,999999999,999999999,999999999,999999999,999999999,999999999,999999999,9999999999,999999999,999999999,999999999,999999999,999999999,999999999,3,2098952,-60.39
227,2017-07-30 13:14:20,42946.5516262,999999999.0000000,999999999.000,999999999.000,95.007,-60.330,654.240,-49.772930,-68.201859,16115.00,999999999.000,999999999,999999999,999999999,999999999,999999999,999999999,999999999,999999999,999999999,999999999,999999999,9999999999,999999999,999999999,999999999,999999999,999999999,999999999,3,2098952,-60.33
228,2017-07-30 13:14:21,42946.5516377,999999999.0000000,999999999.000,999999999.000,95.277,-60.230,654.210,-49.772877,-68.201378,16096.00,999999999.000,999999999,999999999,999999999,999999999,999999999,999999999,999999999,999999999,999999999,999999999,999999999,9999999999,999999999,999999999,999999999,999999999,999999999,999999999,3,2098952,-60.23
229,2017-07-30 13:14:22,42946.5516493,999999999.0000000,999999999.000,999999999.000,95.587,-60.240,654.270,-49.772835,-68.200905,16077.00,999999999.000,999999999,999999999,999999999,999999999,999999999,999999999,999999999,999999999,999999999,999999999,999999999,9999999999,999999999,999999999,999999999,999999999,999999999,999999999,3,2098952,-60.24
230,2017-07-30 13:14:23,42946.5516609,999999999.0000000,999999999.000,999999999.000,95.877,-60.200,654.250,-49.772797,-68.200424,16058.00,999999999.000,999999999,999999999,999999999,999999999,999999999,999999999,999999999,999999999,999999999,999999999,999999999,9999999999,999999999,999999999,999999999,999999999,999999999,999999999,3,2098952,-60.20
231,2017-07-30 13:14:24,42946.5516725,999999999.0000000,999999999.000,999999999.000,96.167,-60.120,654.280,-49.772758,-68.199944,16038.00,999999999.000,999999999,999999999,999999999,999999999,999999999,999999999,999999999,999999999,999999999,999999999,999999999,9999999999,999999999,999999999,999999999,999999999,999999999,999999999,3,2098952,-60.12
232,2017-07-30 13:14:25,42946.5516840,999999999.0000000,999999999.000,999999999.000,96.497,-60.030,654.210,-49.772724,-68.199463,16017.00,999999999.000,999999999,999999999,999999999,999999999,999999999,999999999,999999999,999999999,999999999,999999999,999999999,9999999999,999999999,999999999,999999999,999999999,999999999,999999999,3,2098952,-60.03
233,2017-07-30 13:14:26,42946.5516956,999999999.0000000,999999999.000,999999999.000,96.807,-60.010,654.270,-49.772697,-68.198982,15997.00,999999999.000,999999999,999999999,999999999,999999999,999999999,999999999,999999999,999999999,999999999,999999999,999999999,9999999999,999999999,999999999,999999999,999999999,999999999,999999999,3,2098952,-60.01
234,2017-07-30 13:14:27,42946.5517072,999999999.0000000,999999999.000,999999999.000,97.117,-59.880,654.240,-49.772671,-68.198502,15975.00,999999999.000,999999999,999999999,999999999,999999999,999999999,999999999,999999999,999999999,999999999,999999999,999999999,9999999999,999999999,999999999,999999999,999999999,999999999,999999999,3,2098952,-59.88
235,2017-07-30 13:14:28,42946.5517188,999999999.0000000,999999999.000,999999999.000,97.467,-59.830,654.170,-49.772652,-68.198029,15953.00,999999999.000,999999999,999999999,999999999,999999999,999999999,999999999,999999999,999999999,999999999,999999999,999999999,9999999999,999999999,999999999,999999999,999999999,999999999,999999999,3,2098952,-59.83
236,2017-07-30 13:14:29,42946.5517303,999999999.0000000,999999999.000,999999999.000,97.787,-59.730,654.180,-49.772633,-68.197556,15931.00,999999999.000,999999999,999999999,999999999,999999999,999999999,999999999,999999999,999999999,999999999,999999999,999999999,9999999999,999999999,999999999,999999999,999999999,999999999,999999999,3,2098952,-59.73
237,2017-07-30 13:14:30,42946.5517419,999999999.0000000,999999999.000,999999999.000,98.087,-59.590,654.150,-49.772614,-68.197090,15910.00,999999999.000,999999999,999999999,999999999,999999999,999999999,999999999,999999999,999999999,999999999,999999999,999999999,9999999999,999999999,999999999,999999999,999999999,999999999,999999999,3,2098952,-59.59
238,2017-07-30 13:14:31,42946.5517535,999999999.0000000,999999999.000,999999999.000,98.407,-59.470,654.220,-49.772606,-68.196625,15888.00,999999999.000,999999999,999999999,999999999,999999999,999999999,999999999,999999999,999999999,999999999,999999999,999999999,9999999999,999999999,999999999,999999999,999999999,999999999,999999999,3,2098952,-59.47
239,2017-07-30 13:14:32,42946.5517650,999999999.0000000,999999999.000,999999999.000,98.817,-59.290,654.220,-49.772602,-68.196152,15867.00,999999999.000,999999999,999999999,999999999,999999999,999999999,999999999,999999999,999999999,999999999,999999999,999999999,9999999999,999999999,999999999,999999999,999999999,999999999,999999999,3,2098952,-59.29
240,2017-07-30 13:14:33,42946.5517766,999999999.0000000,999999999.000,999999999.000,99.147,-59.160,654.230,-49.772602,-68.195671,15846.00,999999999.000,999999999,999999999,999999999,999999999,999999999,999999999,999999999,999999999,999999999,999999999,999999999,9999999999,999999999,999999999,999999999,999999999,999999999,999999999,3,2098952,-59.16
241,2017-07-30 13:14:34,42946.5517882,999999999.0000000,999999999.000,999999999.000,999999999.000,999999999.000,999999999.000,999999999.000000,999999999.000000,999999999.00,999999999.000,999999999,999999999,999999999,999999999,999999999,999999999,999999999,999999999,999999999,999999999,999999999,9999999999,999999999,999999999,999999999,999999999,999999999,999999999,3,0,999999999.00
242,2017-07-30 13:14:35,42946.5517998,999999999.0000000,999999999.000,999999999.000,99.897,-58.890,654.220,-49.772598,-68.194717,15804.00,999999999.000,999999999,999999999,999999999,999999999,999999999,999999999,999999999,999999999,999999999,999999999,999999999,9999999999,999999999,999999999,999999999,999999999,999999999,999999999,3,2098952,-58.89
243,2017-07-30 13:14:36,42946.5518113,999999999.0000000,999999999.000,999999999.000,100.187,-58.780,654.190,-49.772598,-68.194252,15783.00,999999999.000,999999999,999999999,999999999,999999999,999999999,999999999,999999999,999999999,999999999,999999999,999999999,9999999999,999999999,999999999,999999999,999999999,999999999,999999999,3,2098952,-58.78
244,2017-07-30 13:14:37,42946.5518229,999999999.0000000,999999999.000,999999999.000,100.517,-58.660,654.180,-49.772591,-68.193802,15761.00,999999999.000,999999999,999999999,999999999,999999999,999999999,999999999,999999999,999999999,999999999,999999999,999999999,9999999999,999999999,999999999,999999999,999999999,999999999,999999999,3,2098952,-58.66
245,2017-07-30 13:14:38,42946.5518345,999999999.0000000,999999999.000,999999999.000,100.927,-58.480,654.160,-49.772587,-68.193344,15739.00,999999999.000,999999999,999999999,999999999,999999999,999999999,999999999,999999999,999999999,999999999,999999999,999999999,9999999999,999999999,999999999,999999999,999999999,999999999,999999999,3,2098952,-58.48
246,2017-07-30 13:14:39,42946.5518461,999999999.0000000,999999999.000,999999999.000,101.267,-58.300,654.120,-49.772575,-68.192886,15719.00,999999999.000,999999999,999999999,999999999,999999999,999999999,999999999,999999999,999999999,999999999,999999999,999999999,9999999999,999999999,999999999,999999999,999999999,999999999,999999999,3,2098952,-58.30
247,2017-07-30 13:14:40,42946.5518576,999999999.0000000,999999999.000,999999999.000,101.597,-58.100,654.150,-49.772568,-68.192429,15698.00,999999999.000,999999999,999999999,999999999,999999999,999999999,999999999,999999999,999999999,999999999,999999999,999999999,9999999999,999999999,999999999,999999999,999999999,999999999,999999999,3,2098952,-58.10
248,2017-07-30 13:14:41,42946.5518692,999999999.0000000,999999999.000,999999999.000,101.987,-57.990,654.150,-49.772552,-68.191978,15677.00,999999999.000,999999999,999999999,999999999,999999999,999999999,999999999,999999999,999999999,999999999,999999999,999999999,9999999999,999999999,999999999,999999999,999999999,999999999,999999999,3,2098952,-57.99
249,2017-07-30 13:14:42,42946.5518808,999999999.0000000,999999999.000,999999999.000,102.287,-57.920,654.150,-49.772537,-68.191528,15656.00,999999999.000,999999999,999999999,999999999,999999999,999999999,999999999,999999999,999999999,999999999,999999999,999999999,9999999999,999999999,999999999,999999999,999999999,999999999,999999999,3,2098952,-57.92
250,2017-07-30 13:14:43,42946.5518924,999999999.0000000,999999999.000,999999999.000,102.577,-57.930,654.110,-49.772514,-68.191086,15635.00,999999999.000,999999999,999999999,999999999,999999999,999999999,999999999,999999999,999999999,999999999,999999999,999999999,9999999999,999999999,999999999,999999999,999999999,999999999,999999999,3,2098952,-57.93
251,2017-07-30 13:14:44,42946.5519039,999999999.0000000,999999999.000,999999999.000,102.877,-57.820,654.180,-49.772484,-68.190659,15613.00,999999999.000,999999999,999999999,999999999,999999999,999999999,999999999,999999999,999999999,999999999,999999999,999999999,9999999999,999999999,999999999,999999999,999999999,999999999,999999999,3,2098952,-57.82
252,2017-07-30 13:14:45,42946.5519155,999999999.0000000,999999999.000,999999999.000,103.207,-57.690,654.150,-49.772446,-68.190231,15592.00,999999999.000,999999999,999999999,999999999,999999999,999999999,999999999,999999999,999999999,999999999,999999999,999999999,9999999999,999999999,999999999,999999999,999999999,999999999,999999999,3,2098952,-57.69
253,2017-07-30 13:14:46,42946.5519271,999999999.0000000,999999999.000,999999999.000,103.567,-57.640,654.160,-49.772404,-68.189804,15571.00,999999999.000,999999999,999999999,999999999,999999999,999999999,999999999,999999999,999999999,999999999,999999999,999999999,9999999999,999999999,999999999,999999999,999999999,999999999,999999999,3,2098952,-57.64
254,2017-07-30 13:14:47,42946.5519387,999999999.0000000,999999999.000,999999999.000,103.977,-57.690,654.190,-49.772362,-68.189384,15551.00,999999999.000,999999999,999999999,999999999,999999999,999999999,999999999,999999999,999999999,999999999,999999999,999999999,9999999999,999999999,999999999,999999999,999999999,999999999,999999999,3,2098952,-57.69
255,2017-07-30 13:14:48,42946.5519502,999999999.0000000,999999999.000,999999999.000,104.357,-57.710,654.130,-49.772320,-68.188965,15531.00,999999999.000,999999999,999999999,999999999,999999999,999999999,999999999,999999999,999999999,999999999,999999999,999999999,9999999999,999999999,999999999,999999999,999999999,999999999,999999999,3,2098952,-57.71
256,2017-07-30 13:14:49,42946.5519618,999999999.0000000,999999999.000,999999999.000,104.727,-57.720,654.220,-49.772274,-68.188545,15511.00,999999999.000,999999999,999999999,999999999,999999999,999999999,999999999,999999999,999999999,999999999,999999999,999999999,9999999999,999999999,999999999,999999999,999999999,999999999,999999999,3,2098952,-57.72
257,2017-07-30 13:14:50,42946.5519734,999999999.0000000,999999999.000,999999999.000,105.087,-57.730,654.180,-49.772213,-68.188133,15492.00,999999999.000,999999999,999999999,999999999,999999999,999999999,999999999,999999999,999999999,999999999,999999999,999999999,9999999999,999999999,999999999,999999999,999999999,999999999,999999999,3,2098952,-57.73
258,2017-07-30 13:14:51,42946.5519850,999999999.0000000,999999999.000,999999999.000,105.377,-57.750,654.200,-49.772156,-68.187737,15473.00,999999999.000,999999999,999999999,999999999,999999999,999999999,999999999,999999999,999999999,999999999,999999999,999999999,9999999999,999999999,999999999,999999999,999999999,999999999,999999999,3,2098952,-57.75
259,2017-07-30 13:14:52,42946.5519965,999999999.0000000,999999999.000,999999999.000,105.677,-57.700,654.180,-49.772099,-68.187340,15454.00,999999999.000,999999999,999999999,999999999,999999999,999999999,999999999,999999999,999999999,999999999,999999999,999999999,9999999999,999999999,999999999,999999999,999999999,999999999,999999999,3,2098952,-57.70
260,2017-07-30 13:14:53,42946.5520081,999999999.0000000,999999999.000,999999999.000,105.977,-57.620,654.230,-49.772041,-68.186928,15434.00,999999999.000,999999999,999999999,999999999,999999999,999999999,999999999,999999999,999999999,999999999,999999999,999999999,9999999999,999999999,999999999,999999999,999999999,999999999,999999999,3,2098952,-57.62
261,2017-07-30 13:14:54,42946.5520197,999999999.0000000,999999999.000,999999999.000,106.297,-57.540,654.200,-49.771980,-68.186508,15414.00,999999999.000,999999999,999999999,999999999,999999999,999999999,999999999,999999999,999999999,999999999,999999999,999999999,9999999999,999999999,999999999,999999999,999999999,999999999,999999999,3,2098952,-57.54
262,2017-07-30 13:14:55,42946.5520313,999999999.0000000,999999999.000,999999999.000,106.640,-57.430,654.210,-49.771923,-68.186096,15395.00,999999999.000,999999999,999999999,999999999,999999999,999999999,999999999,999999999,999999999,999999999,999999999,999999999,9999999999,999999999,999999999,999999999,999999999,999999999,999999999,3,2098952,-57.43
