TTAA 59101 /////
99989 136// 00000 00111 ///// ///// 92754 01266 28019 85425
04961 28520 70939 09578 28055 50547 23923 26023 40706 35539
25534 30900 50746 24554 25016 60345 24070 20153 61950 23550
15330 60350 25547 10581 62556 27057
88213 67950 23067
77999
31313 40708 81027

TTBB 59108 /////
00989 136// 11924 01066 22854 04961 33852 04961 44800 07762
55792 05764 66778 05768 77690 09979 88670 11773 99653 11971
11652 11562 22650 11563 33613 15760 44562 17756 55497 24322
66379 38340 77351 41141 88263 58945 99232 62947 11213 67950
22210 67556 33205 65950 44201 61956 55193 62150 66187 60356
77168 64550 88165 64350 99161 61350 11150 60350 22123 63956
33118 61756 44105 62756 55104 61556 66100 62556
21212 11989 00000 22989 27518 33894 27520 44828 29517 55827
29517 66696 28055 77647 28047 88594 29041 99512 25525 11490
26522 22454 26526 33229 23570 44213 23066 55206 24063 66188
25527 77178 26523 88174 26522 99163 26051 11152 25550 22146
26544 33141 27549 44131 26057 55124 27064 66123 27063 77105
26550
31313 40708 81027
41414 /////
51515 77148 05968 29036 60115 15559 29042

TTCC 59101 /////
70799 67550 26573 50000 70758 26589 30304 72556 27110 20543
68757 27125 10963 56161 26139
88515 71758 26589 88301 72556 27111
77082 27176 430// 77104 26664 42923
31313 40708 81027

TTDD 5910/ /////
11832 62756 22791 63950 33692 68356 44623 66956 55515 71758
66513 71559 77433 68357 88375 70558 99342 68557 11297 72356
22284 73958 33275 72962 44270 71357 55267 71158 66229 72561
77225 72359 88212 68558 99200 68956 11172 70959 22159 69164
33155 68359 44143 66559 55130 67359 66119 61560 77108 62759
88104 63161 99101 56561 11095 54162 22086 54762 33078 49964
44076 50963 55074 52583
21212 11497 26589 22482 26095 33449 26607 44350 27601 55336
27100 66274 26620 77255 26611 88242 26118 99226 26631 11218
26616 22141 27145 33135 27148 44118 27138 55104 26664 66100
26138 77082 27176 88074 26663
31313 40708 81027
