PPAA 59108 /////
44385 28520 28055 26023 44340 25534 24554 24070 44320 23550
25547 27057
77999

PPBB 59108 /////
21212 00989 00000 11989 27518 22894 27520 33828 29517 44827
29517 55696 28055 66647 28047 77594 29041 88512 25525 99490
26522 11454 26526 22229 23570 33213 23066 44206 24063 55188
25527 66178 26523 77174 26522 88163 26051 99152 25550 11146
26544 22141 27549 33131 26057 44124 27064 55123 27063 66105
26550

PPCC 59108 /////
44370 26573 26589 27110 44220 27125 26139
77082 27176 430// 77104 26664 42923

PPDD 59108 /////
21212 11497 26589 22482 26095 33449 26607 44350 27601 55336
27100 66274 26620 77255 26611 88242 26118 99226 26631 11218
26616 22141 27145 33135 27148 44118 27138 55104 26664 66100
26138 77082 27176 88074 26663
