Sample#,Date+Time,DateTime,Fl Sec,Az,El,Press,TAir,Hum,Lat,Long,Alt,Freq,RSSI,F Offs,Az Tr Offs,El Tr Offs,Sys V,Sys I,Az I,El I,MCU Stat,Rx Stat,SCA Stat,POST,SAA BIT,Rx BIT,MCU BIT,SCA BIT,CDU1 BIT,CDU2 BIT,State,Flags,THum
0,2017-08-15 23:35:02,42962.9826678,999999999.0000000,999999999.000,999999999.000,999999999.000,999999999.000,999999999.000,999999999.000000,999999999.000000,999999999.00,999999999.000,999999999,999999999,999999999,999999999,999999999,999999999,999999999,999999999,999999999,999999999,999999999,9999999999,999999999,999999999,999999999,999999999,999999999,999999999,0,0,999999999.00
1,2017-08-15 23:35:03,42962.9826794,999999999.0000000,999999999.000,999999999.000,999999999.000,999999999.000,999999999.000,999999999.000000,999999999.000000,999999999.00,999999999.000,999999999,999999999,999999999,999999999,999999999,999999999,999999999,999999999,999999999,999999999,999999999,9999999999,999999999,999999999,999999999,999999999,999999999,999999999,0,0,999999999.00
2,2017-08-15 23:35:04,42962.9826910,999999999.0000000,999999999.000,999999999.000,999999999.000,999999999.000,999999999.000,999999999.000000,999999999.000000,999999999.00,999999999.000,999999999,999999999,999999999,999999999,999999999,999999999,999999999,999999999,999999999,999999999,999999999,9999999999,999999999,999999999,999999999,999999999,999999999,999999999,1,0,999999999.00
3,2017-08-15 23:35:05,42962.9827025,999999999.0000000,999999999.000,999999999.000,999999999.000,999999999.000,999999999.000,999999999.000000,999999999.000000,999999999.00,999999999.000,999999999,999999999,999999999,999999999,999999999,999999999,999999999,999999999,999999999,999999999,999999999,9999999999,999999999,999999999,999999999,999999999,999999999,999999999,1,0,999999999.00
4,2017-08-15 23:35:06,42962.9827141,999999999.0000000,999999999.000,999999999.000,999999999.000,999999999.000,999999999.000,999999999.000000,999999999.000000,999999999.00,999999999.000,999999999,999999999,999999999,999999999,999999999,999999999,999999999,999999999,999999999,999999999,999999999,9999999999,999999999,999999999,999999999,999999999,999999999,999999999,1,0,999999999.00
5,2017-08-15 23:35:07,42962.9827257,999999999.0000000,999999999.000,999999999.000,999999999.000,999999999.000,999999999.000,999999999.000000,999999999.000000,999999999.00,999999999.000,999999999,999999999,999999999,999999999,999999999,999999999,999999999,999999999,999999999,999999999,999999999,9999999999,999999999,999999999,999999999,999999999,999999999,999999999,1,0,999999999.00
6,2017-08-15 23:35:08,42962.9827373,999999999.0000000,999999999.000,999999999.000,999999999.000,999999999.000,999999999.000,999999999.000000,999999999.000000,999999999.00,999999999.000,999999999,999999999,999999999,999999999,999999999,999999999,999999999,999999999,999999999,999999999,999999999,9999999999,999999999,999999999,999999999,999999999,999999999,999999999,1,0,999999999.00
7,2017-08-15 23:35:09,42962.9827488,999999999.0000000,999999999.000,999999999.000,999999999.000,999999999.000,999999999.000,999999999.000000,999999999.000000,999999999.00,999999999.000,999999999,999999999,999999999,999999999,999999999,999999999,999999999,999999999,999999999,999999999,999999999,9999999999,999999999,999999999,999999999,999999999,999999999,999999999,1,0,999999999.00
8,2017-08-15 23:35:10,42962.9827604,999999999.0000000,999999999.000,999999999.000,999999999.000,999999999.000,999999999.000,999999999.000000,999999999.000000,999999999.00,999999999.000,999999999,999999999,999999999,999999999,999999999,999999999,999999999,999999999,999999999,999999999,999999999,9999999999,999999999,999999999,999999999,999999999,999999999,999999999,1,0,999999999.00
9,2017-08-15 23:35:11,42962.9827720,999999999.0000000,999999999.000,999999999.000,999999999.000,999999999.000,999999999.000,999999999.000000,999999999.000000,999999999.00,999999999.000,999999999,999999999,999999999,999999999,999999999,999999999,999999999,999999999,999999999,999999999,999999999,9999999999,999999999,999999999,999999999,999999999,999999999,999999999,1,0,999999999.00
10,2017-08-15 23:35:12,42962.9827836,999999999.0000000,999999999.000,999999999.000,999999999.000,999999999.000,999999999.000,999999999.000000,999999999.000000,999999999.00,999999999.000,999999999,999999999,999999999,999999999,999999999,999999999,999999999,999999999,999999999,999999999,999999999,9999999999,999999999,999999999,999999999,999999999,999999999,999999999,1,0,999999999.00
11,2017-08-15 23:35:13,42962.9827951,999999999.0000000,999999999.000,999999999.000,999999999.000,999999999.000,999999999.000,999999999.000000,999999999.000000,999999999.00,999999999.000,999999999,999999999,999999999,999999999,999999999,999999999,999999999,999999999,999999999,999999999,999999999,9999999999,999999999,999999999,999999999,999999999,999999999,999999999,1,0,999999999.00
12,2017-08-15 23:35:14,42962.9828067,999999999.0000000,999999999.000,999999999.000,999999999.000,999999999.000,999999999.000,999999999.000000,999999999.000000,999999999.00,999999999.000,999999999,999999999,999999999,999999999,999999999,999999999,999999999,999999999,999999999,999999999,999999999,9999999999,999999999,999999999,999999999,999999999,999999999,999999999,1,0,999999999.00
13,2017-08-15 23:35:15,42962.9828183,999999999.0000000,999999999.000,999999999.000,999999999.000,999999999.000,999999999.000,999999999.000000,999999999.000000,999999999.00,999999999.000,999999999,999999999,999999999,999999999,999999999,999999999,999999999,999999999,999999999,999999999,999999999,9999999999,999999999,999999999,999999999,999999999,999999999,999999999,1,0,999999999.00
14,2017-08-15 23:35:16,42962.9828299,999999999.0000000,999999999.000,999999999.000,999999999.000,999999999.000,999999999.000,999999999.000000,999999999.000000,999999999.00,999999999.000,999999999,999999999,999999999,999999999,999999999,999999999,999999999,999999999,999999999,999999999,999999999,9999999999,999999999,999999999,999999999,999999999,999999999,999999999,1,0,999999999.00
15,2017-08-15 23:35:17,42962.9828414,999999999.0000000,999999999.000,999999999.000,999999999.000,999999999.000,999999999.000,999999999.000000,999999999.000000,999999999.00,999999999.000,999999999,999999999,999999999,999999999,999999999,999999999,999999999,999999999,999999999,999999999,999999999,9999999999,999999999,999999999,999999999,999999999,999999999,999999999,1,0,999999999.00
16,2017-08-15 23:35:18,42962.9828530,999999999.0000000,999999999.000,999999999.000,999999999.000,999999999.000,999999999.000,999999999.000000,999999999.000000,999999999.00,999999999.000,999999999,999999999,999999999,999999999,999999999,999999999,999999999,999999999,999999999,999999999,999999999,9999999999,999999999,999999999,999999999,999999999,999999999,999999999,1,0,999999999.00
17,2017-08-15 23:35:19,42962.9828646,999999999.0000000,999999999.000,999999999.000,999999999.000,999999999.000,999999999.000,999999999.000000,999999999.000000,999999999.00,999999999.000,999999999,999999999,999999999,999999999,999999999,999999999,999999999,999999999,999999999,999999999,999999999,9999999999,999999999,999999999,999999999,999999999,999999999,999999999,1,0,999999999.00
18,2017-08-15 23:35:20,42962.9828762,999999999.0000000,999999999.000,999999999.000,999999999.000,999999999.000,999999999.000,999999999.000000,999999999.000000,999999999.00,999999999.000,999999999,999999999,999999999,999999999,999999999,999999999,999999999,999999999,999999999,999999999,999999999,9999999999,999999999,999999999,999999999,999999999,999999999,999999999,1,0,999999999.00
19,2017-08-15 23:35:21,42962.9828877,999999999.0000000,999999999.000,999999999.000,999999999.000,999999999.000,999999999.000,999999999.000000,999999999.000000,999999999.00,999999999.000,999999999,999999999,999999999,999999999,999999999,999999999,999999999,999999999,999999999,999999999,999999999,9999999999,999999999,999999999,999999999,999999999,999999999,999999999,1,0,999999999.00
20,2017-08-15 23:35:22,42962.9828993,999999999.0000000,999999999.000,999999999.000,999999999.000,999999999.000,999999999.000,999999999.000000,999999999.000000,999999999.00,999999999.000,999999999,999999999,999999999,999999999,999999999,999999999,999999999,999999999,999999999,999999999,999999999,9999999999,999999999,999999999,999999999,999999999,999999999,999999999,1,0,999999999.00
21,2017-08-15 23:35:23,42962.9829109,999999999.0000000,999999999.000,999999999.000,980.460,23.460,27.070,999999999.000000,999999999.000000,999999999.00,999999999.000,999999999,999999999,999999999,999999999,999999999,999999999,999999999,999999999,999999999,999999999,999999999,9999999999,999999999,999999999,999999999,999999999,999999999,999999999,1,2098944,23.46
22,2017-08-15 23:35:24,42962.9829225,999999999.0000000,999999999.000,999999999.000,999999999.000,999999999.000,999999999.000,999999999.000000,999999999.000000,999999999.00,999999999.000,999999999,999999999,999999999,999999999,999999999,999999999,999999999,999999999,999999999,999999999,999999999,9999999999,999999999,999999999,999999999,999999999,999999999,999999999,1,0,999999999.00
23,2017-08-15 23:35:25,42962.9829340,999999999.0000000,999999999.000,999999999.000,980.430,22.940,27.100,999999999.000000,999999999.000000,999999999.00,999999999.000,999999999,999999999,999999999,999999999,999999999,999999999,999999999,999999999,999999999,999999999,999999999,9999999999,999999999,999999999,999999999,999999999,999999999,999999999,1,2098944,22.94
24,2017-08-15 23:35:26,42962.9829456,999999999.0000000,999999999.000,999999999.000,999999999.000,999999999.000,999999999.000,999999999.000000,999999999.000000,999999999.00,999999999.000,999999999,999999999,999999999,999999999,999999999,999999999,999999999,999999999,999999999,999999999,999999999,9999999999,999999999,999999999,999999999,999999999,999999999,999999999,1,0,999999999.00
25,2017-08-15 23:35:27,42962.9829572,999999999.0000000,999999999.000,999999999.000,980.430,22.430,27.040,999999999.000000,999999999.000000,999999999.00,999999999.000,999999999,999999999,999999999,999999999,999999999,999999999,999999999,999999999,999999999,999999999,999999999,9999999999,999999999,999999999,999999999,999999999,999999999,999999999,1,2098944,22.43
26,2017-08-15 23:35:28,42962.9829688,999999999.0000000,999999999.000,999999999.000,999999999.000,999999999.000,999999999.000,999999999.000000,999999999.000000,999999999.00,999999999.000,999999999,999999999,999999999,999999999,999999999,999999999,999999999,999999999,999999999,999999999,999999999,9999999999,999999999,999999999,999999999,999999999,999999999,999999999,1,0,999999999.00
27,2017-08-15 23:35:29,42962.9829803,999999999.0000000,999999999.000,999999999.000,980.380,22.750,27.800,999999999.000000,999999999.000000,999999999.00,999999999.000,999999999,999999999,999999999,999999999,999999999,999999999,999999999,999999999,999999999,999999999,999999999,9999999999,999999999,999999999,999999999,999999999,999999999,999999999,1,2098944,22.75
28,2017-08-15 23:35:30,42962.9829919,999999999.0000000,999999999.000,999999999.000,999999999.000,999999999.000,999999999.000,999999999.000000,999999999.000000,999999999.00,999999999.000,999999999,999999999,999999999,999999999,999999999,999999999,999999999,999999999,999999999,999999999,999999999,9999999999,999999999,999999999,999999999,999999999,999999999,999999999,1,0,999999999.00
29,2017-08-15 23:35:31,42962.9830035,999999999.0000000,999999999.000,999999999.000,980.400,23.860,27.450,999999999.000000,999999999.000000,999999999.00,999999999.000,999999999,999999999,999999999,999999999,999999999,999999999,999999999,999999999,999999999,999999999,999999999,9999999999,999999999,999999999,999999999,999999999,999999999,999999999,1,2098944,23.86
30,2017-08-15 23:35:32,42962.9830150,999999999.0000000,999999999.000,999999999.000,999999999.000,999999999.000,999999999.000,999999999.000000,999999999.000000,999999999.00,999999999.000,999999999,999999999,999999999,999999999,999999999,999999999,999999999,999999999,999999999,999999999,999999999,9999999999,999999999,999999999,999999999,999999999,999999999,999999999,1,0,999999999.00
31,2017-08-15 23:35:33,42962.9830266,999999999.0000000,999999999.000,999999999.000,980.390,24.620,27.050,999999999.000000,999999999.000000,999999999.00,999999999.000,999999999,999999999,999999999,999999999,999999999,999999999,999999999,999999999,999999999,999999999,999999999,9999999999,999999999,999999999,999999999,999999999,999999999,999999999,1,2098944,24.62
32,2017-08-15 23:35:34,42962.9830382,999999999.0000000,999999999.000,999999999.000,999999999.000,999999999.000,999999999.000,999999999.000000,999999999.000000,999999999.00,999999999.000,999999999,999999999,999999999,999999999,999999999,999999999,999999999,999999999,999999999,999999999,999999999,9999999999,999999999,999999999,999999999,999999999,999999999,999999999,1,0,999999999.00
33,2017-08-15 23:35:35,42962.9830498,999999999.0000000,999999999.000,999999999.000,980.430,24.790,26.910,999999999.000000,999999999.000000,999999999.00,999999999.000,999999999,999999999,999999999,999999999,999999999,999999999,999999999,999999999,999999999,999999999,999999999,9999999999,999999999,999999999,999999999,999999999,999999999,999999999,1,2098944,24.79
34,2017-08-15 23:35:36,42962.9830613,999999999.0000000,999999999.000,999999999.000,999999999.000,999999999.000,999999999.000,999999999.000000,999999999.000000,999999999.00,999999999.000,999999999,999999999,999999999,999999999,999999999,999999999,999999999,999999999,999999999,999999999,999999999,9999999999,999999999,999999999,999999999,999999999,999999999,999999999,1,0,999999999.00
35,2017-08-15 23:35:37,42962.9830729,999999999.0000000,999999999.000,999999999.000,980.400,24.610,26.210,999999999.000000,999999999.000000,999999999.00,999999999.000,999999999,999999999,999999999,999999999,999999999,999999999,999999999,999999999,999999999,999999999,999999999,9999999999,999999999,999999999,999999999,999999999,999999999,999999999,1,2098944,24.61
36,2017-08-15 23:35:38,42962.9830845,999999999.0000000,999999999.000,999999999.000,999999999.000,999999999.000,999999999.000,999999999.000000,999999999.000000,999999999.00,999999999.000,999999999,999999999,999999999,999999999,999999999,999999999,999999999,999999999,999999999,999999999,999999999,9999999999,999999999,999999999,999999999,999999999,999999999,999999999,1,0,999999999.00
37,2017-08-15 23:35:39,42962.9830961,999999999.0000000,999999999.000,999999999.000,980.390,24.370,26.100,999999999.000000,999999999.000000,999999999.00,999999999.000,999999999,999999999,999999999,999999999,999999999,999999999,999999999,999999999,999999999,999999999,999999999,9999999999,999999999,999999999,999999999,999999999,999999999,999999999,1,2098944,24.37
38,2017-08-15 23:35:40,42962.9831076,999999999.0000000,999999999.000,999999999.000,999999999.000,999999999.000,999999999.000,999999999.000000,999999999.000000,999999999.00,999999999.000,999999999,999999999,999999999,999999999,999999999,999999999,999999999,999999999,999999999,999999999,999999999,9999999999,999999999,999999999,999999999,999999999,999999999,999999999,1,0,999999999.00
39,2017-08-15 23:35:41,42962.9831192,999999999.0000000,999999999.000,999999999.000,980.370,24.620,26.090,999999999.000000,999999999.000000,999999999.00,999999999.000,999999999,999999999,999999999,999999999,999999999,999999999,999999999,999999999,999999999,999999999,999999999,9999999999,999999999,999999999,999999999,999999999,999999999,999999999,3,2098944,24.62
40,2017-08-15 23:35:42,42962.9831308,999999999.0000000,999999999.000,999999999.000,999999999.000,999999999.000,999999999.000,999999999.000000,999999999.000000,999999999.00,999999999.000,999999999,999999999,999999999,999999999,999999999,999999999,999999999,999999999,999999999,999999999,999999999,9999999999,999999999,999999999,999999999,999999999,999999999,999999999,3,0,999999999.00
0,2017-08-16 10:42:18,42963.4460475,999999999.0000000,999999999.000,999999999.000,973.950,1.150,66.040,-50.283520,-72.047310,192.00,999999999.000,999999999,999999999,999999999,999999999,999999999,999999999,999999999,999999999,999999999,999999999,999999999,9999999999,999999999,999999999,999999999,999999999,999999999,999999999,0,2098952,1.15
1,2017-08-16 10:42:19,42963.4460590,999999999.0000000,999999999.000,999999999.000,973.880,1.050,65.940,-50.283520,-72.047310,192.00,999999999.000,999999999,999999999,999999999,999999999,999999999,999999999,999999999,999999999,999999999,999999999,999999999,9999999999,999999999,999999999,999999999,999999999,999999999,999999999,0,2098952,1.05
2,2017-08-16 10:42:20,42963.4460706,999999999.0000000,999999999.000,999999999.000,973.930,1.030,65.940,-50.283520,-72.047310,192.00,999999999.000,999999999,999999999,999999999,999999999,999999999,999999999,999999999,999999999,999999999,999999999,999999999,9999999999,999999999,999999999,999999999,999999999,999999999,999999999,0,2098952,1.03
3,2017-08-16 10:42:21,42963.4460822,999999999.0000000,999999999.000,999999999.000,973.820,1.030,65.860,-50.283520,-72.047310,192.00,999999999.000,999999999,999999999,999999999,999999999,999999999,999999999,999999999,999999999,999999999,999999999,999999999,9999999999,999999999,999999999,999999999,999999999,999999999,999999999,0,2098952,1.03
4,2017-08-16 10:42:22,42963.4460938,999999999.0000000,999999999.000,999999999.000,973.900,1.040,65.980,-50.283520,-72.047310,192.00,999999999.000,999999999,999999999,999999999,999999999,999999999,999999999,999999999,999999999,999999999,999999999,999999999,9999999999,999999999,999999999,999999999,999999999,999999999,999999999,0,2098952,1.04
5,2017-08-16 10:42:23,42963.4461053,999999999.0000000,999999999.000,999999999.000,973.910,1.050,65.900,-50.283520,-72.047310,192.00,999999999.000,999999999,999999999,999999999,999999999,999999999,999999999,999999999,999999999,999999999,999999999,999999999,9999999999,999999999,999999999,999999999,999999999,999999999,999999999,0,2098952,1.05
6,2017-08-16 10:42:24,42963.4461169,999999999.0000000,999999999.000,999999999.000,973.920,1.030,65.890,-50.283520,-72.047310,192.00,999999999.000,999999999,999999999,999999999,999999999,999999999,999999999,999999999,999999999,999999999,999999999,999999999,9999999999,999999999,999999999,999999999,999999999,999999999,999999999,0,2098952,1.03
7,2017-08-16 10:42:25,42963.4461285,999999999.0000000,999999999.000,999999999.000,973.920,1.040,66.050,-50.283520,-72.047310,192.00,999999999.000,999999999,999999999,999999999,999999999,999999999,999999999,999999999,999999999,999999999,999999999,999999999,9999999999,999999999,999999999,999999999,999999999,999999999,999999999,0,2098952,1.04
8,2017-08-16 10:42:26,42963.4461400,999999999.0000000,999999999.000,999999999.000,973.880,1.080,66.140,-50.283520,-72.047310,192.00,999999999.000,999999999,999999999,999999999,999999999,999999999,999999999,999999999,999999999,999999999,999999999,999999999,9999999999,999999999,999999999,999999999,999999999,999999999,999999999,0,2098952,1.08
9,2017-08-16 10:42:27,42963.4461516,999999999.0000000,999999999.000,999999999.000,973.860,1.120,66.220,-50.283520,-72.047310,192.00,999999999.000,999999999,999999999,999999999,999999999,999999999,999999999,999999999,999999999,999999999,999999999,999999999,9999999999,999999999,999999999,999999999,999999999,999999999,999999999,0,2098952,1.12
10,2017-08-16 10:42:28,42963.4461632,999999999.0000000,999999999.000,999999999.000,973.910,1.150,66.300,-50.283516,-72.047302,192.00,999999999.000,999999999,999999999,999999999,999999999,999999999,999999999,999999999,999999999,999999999,999999999,999999999,9999999999,999999999,999999999,999999999,999999999,999999999,999999999,0,2098952,1.15
11,2017-08-16 10:42:29,42963.4461748,999999999.0000000,999999999.000,999999999.000,973.930,1.120,66.380,-50.283516,-72.047302,192.00,999999999.000,999999999,999999999,999999999,999999999,999999999,999999999,999999999,999999999,999999999,999999999,999999999,9999999999,999999999,999999999,999999999,999999999,999999999,999999999,0,2098952,1.12
12,2017-08-16 10:42:30,42963.4461863,999999999.0000000,999999999.000,999999999.000,973.950,1.080,66.290,-50.283512,-72.047302,192.00,999999999.000,999999999,999999999,999999999,999999999,999999999,999999999,999999999,999999999,999999999,999999999,999999999,9999999999,999999999,999999999,999999999,999999999,999999999,999999999,0,2098952,1.08
13,2017-08-16 10:42:31,42963.4461979,999999999.0000000,999999999.000,999999999.000,973.880,1.090,66.290,-50.283508,-72.047302,192.00,999999999.000,999999999,999999999,999999999,999999999,999999999,999999999,999999999,999999999,999999999,999999999,999999999,9999999999,999999999,999999999,999999999,999999999,999999999,999999999,0,2098952,1.09
14,2017-08-16 10:42:32,42963.4462095,999999999.0000000,999999999.000,999999999.000,973.840,1.000,66.280,-50.283508,-72.047302,193.00,999999999.000,999999999,999999999,999999999,999999999,999999999,999999999,999999999,999999999,999999999,999999999,999999999,9999999999,999999999,999999999,999999999,999999999,999999999,999999999,0,2098952,1.00
15,2017-08-16 10:42:33,42963.4462211,999999999.0000000,999999999.000,999999999.000,973.860,1.000,66.240,-50.283508,-72.047295,193.00,999999999.000,999999999,999999999,999999999,999999999,999999999,999999999,999999999,999999999,999999999,999999999,999999999,9999999999,999999999,999999999,999999999,999999999,999999999,999999999,0,2098952,1.00
16,2017-08-16 10:42:34,42963.4462326,999999999.0000000,999999999.000,999999999.000,973.850,1.010,66.240,-50.283508,-72.047295,193.00,999999999.000,999999999,999999999,999999999,999999999,999999999,999999999,999999999,999999999,999999999,999999999,999999999,9999999999,999999999,999999999,999999999,999999999,999999999,999999999,0,2098952,1.01
17,2017-08-16 10:42:35,42963.4462442,999999999.0000000,999999999.000,999999999.000,973.880,1.000,66.280,-50.283508,-72.047302,193.00,999999999.000,999999999,999999999,999999999,999999999,999999999,999999999,999999999,999999999,999999999,999999999,999999999,9999999999,999999999,999999999,999999999,999999999,999999999,999999999,0,2098952,1.00
0,2017-08-16 10:42:37,42963.4462674,999999999.0000000,999999999.000,999999999.000,973.940,1.040,66.360,-50.283508,-72.047302,193.00,999999999.000,999999999,999999999,999999999,999999999,999999999,999999999,999999999,999999999,999999999,999999999,999999999,9999999999,999999999,999999999,999999999,999999999,999999999,999999999,0,2098952,1.04
1,2017-08-16 10:42:38,42963.4462789,999999999.0000000,999999999.000,999999999.000,973.920,1.020,66.360,-50.283508,-72.047302,193.00,999999999.000,999999999,999999999,999999999,999999999,999999999,999999999,999999999,999999999,999999999,999999999,999999999,9999999999,999999999,999999999,999999999,999999999,999999999,999999999,3,2098952,1.02
2,2017-08-16 10:42:39,42963.4462905,999999999.0000000,999999999.000,999999999.000,973.910,1.010,66.270,-50.283508,-72.047302,193.00,999999999.000,999999999,999999999,999999999,999999999,999999999,999999999,999999999,999999999,999999999,999999999,999999999,9999999999,999999999,999999999,999999999,999999999,999999999,999999999,3,2098952,1.01
3,2017-08-16 10:42:40,42963.4463021,999999999.0000000,999999999.000,999999999.000,973.900,1.080,66.560,-50.283508,-72.047302,193.00,999999999.000,999999999,999999999,999999999,999999999,999999999,999999999,999999999,999999999,999999999,999999999,999999999,9999999999,999999999,999999999,999999999,999999999,999999999,999999999,3,2098952,1.08
4,2017-08-16 10:42:41,42963.4463137,999999999.0000000,999999999.000,999999999.000,973.880,1.070,66.680,-50.283508,-72.047302,193.00,999999999.000,999999999,999999999,999999999,999999999,999999999,999999999,999999999,999999999,999999999,999999999,999999999,9999999999,999999999,999999999,999999999,999999999,999999999,999999999,3,2098952,1.07
5,2017-08-16 10:42:42,42963.4463252,999999999.0000000,999999999.000,999999999.000,973.870,1.150,66.770,-50.283504,-72.047295,193.00,999999999.000,999999999,999999999,999999999,999999999,999999999,999999999,999999999,999999999,999999999,999999999,999999999,9999999999,999999999,999999999,999999999,999999999,999999999,999999999,3,2098952,1.15
6,2017-08-16 10:42:43,42963.4463368,999999999.0000000,999999999.000,999999999.000,973.890,1.100,66.920,-50.283504,-72.047295,193.00,999999999.000,999999999,999999999,999999999,999999999,999999999,999999999,999999999,999999999,999999999,999999999,999999999,9999999999,999999999,999999999,999999999,999999999,999999999,999999999,3,2098952,1.10
7,2017-08-16 10:42:44,42963.4463484,999999999.0000000,999999999.000,999999999.000,973.870,1.130,66.800,-50.283508,-72.047302,192.00,999999999.000,999999999,999999999,999999999,999999999,999999999,999999999,999999999,999999999,999999999,999999999,999999999,9999999999,999999999,999999999,999999999,999999999,999999999,999999999,3,2098952,1.13
8,2017-08-16 10:42:45,42963.4463600,999999999.0000000,999999999.000,999999999.000,973.880,1.130,66.840,-50.283504,-72.047295,193.00,999999999.000,999999999,999999999,999999999,999999999,999999999,999999999,999999999,999999999,999999999,999999999,999999999,9999999999,999999999,999999999,999999999,999999999,999999999,999999999,3,2098952,1.13
9,2017-08-16 10:42:46,42963.4463715,999999999.0000000,999999999.000,999999999.000,973.920,1.110,66.880,-50.283504,-72.047295,193.00,999999999.000,999999999,999999999,999999999,999999999,999999999,999999999,999999999,999999999,999999999,999999999,999999999,9999999999,999999999,999999999,999999999,999999999,999999999,999999999,3,2098952,1.11
10,2017-08-16 10:42:47,42963.4463831,999999999.0000000,999999999.000,999999999.000,973.960,1.170,66.970,-50.283504,-72.047295,193.00,999999999.000,999999999,999999999,999999999,999999999,999999999,999999999,999999999,999999999,999999999,999999999,999999999,9999999999,999999999,999999999,999999999,999999999,999999999,999999999,3,2098952,1.17
11,2017-08-16 10:42:48,42963.4463947,999999999.0000000,999999999.000,999999999.000,973.950,1.070,67.070,-50.283504,-72.047295,193.00,999999999.000,999999999,999999999,999999999,999999999,999999999,999999999,999999999,999999999,999999999,999999999,999999999,9999999999,999999999,999999999,999999999,999999999,999999999,999999999,3,2098952,1.07
12,2017-08-16 10:42:49,42963.4464063,999999999.0000000,999999999.000,999999999.000,973.860,1.010,67.350,-50.283501,-72.047295,193.00,999999999.000,999999999,999999999,999999999,999999999,999999999,999999999,999999999,999999999,999999999,999999999,999999999,9999999999,999999999,999999999,999999999,999999999,999999999,999999999,3,2098952,1.01
13,2017-08-16 10:42:50,42963.4464178,999999999.0000000,999999999.000,999999999.000,973.930,1.020,67.390,-50.283504,-72.047295,193.00,999999999.000,999999999,999999999,999999999,999999999,999999999,999999999,999999999,999999999,999999999,999999999,999999999,9999999999,999999999,999999999,999999999,999999999,999999999,999999999,3,2098952,1.02
14,2017-08-16 10:42:51,42963.4464294,999999999.0000000,999999999.000,999999999.000,973.960,1.040,67.430,-50.283504,-72.047295,193.00,999999999.000,999999999,999999999,999999999,999999999,999999999,999999999,999999999,999999999,999999999,999999999,999999999,9999999999,999999999,999999999,999999999,999999999,999999999,999999999,3,2098952,1.04
15,2017-08-16 10:42:52,42963.4464410,999999999.0000000,999999999.000,999999999.000,973.960,1.070,67.470,-50.283508,-72.047302,193.00,999999999.000,999999999,999999999,999999999,999999999,999999999,999999999,999999999,999999999,999999999,999999999,999999999,9999999999,999999999,999999999,999999999,999999999,999999999,999999999,3,2098952,1.07
16,2017-08-16 10:42:53,42963.4464525,999999999.0000000,999999999.000,999999999.000,973.940,1.060,67.430,-50.283508,-72.047302,193.00,999999999.000,999999999,999999999,999999999,999999999,999999999,999999999,999999999,999999999,999999999,999999999,999999999,9999999999,999999999,999999999,999999999,999999999,999999999,999999999,3,2098952,1.06
17,2017-08-16 10:42:54,42963.4464641,999999999.0000000,999999999.000,999999999.000,973.920,1.060,67.590,-50.283508,-72.047302,193.00,999999999.000,999999999,999999999,999999999,999999999,999999999,999999999,999999999,999999999,999999999,999999999,999999999,9999999999,999999999,999999999,999999999,999999999,999999999,999999999,3,2098952,1.06
18,2017-08-16 10:42:55,42963.4464757,999999999.0000000,999999999.000,999999999.000,973.880,1.080,67.630,-50.283508,-72.047302,193.00,999999999.000,999999999,999999999,999999999,999999999,999999999,999999999,999999999,999999999,999999999,999999999,999999999,9999999999,999999999,999999999,999999999,999999999,999999999,999999999,3,2098952,1.08
19,2017-08-16 10:42:56,42963.4464873,999999999.0000000,999999999.000,999999999.000,973.880,1.100,67.760,-50.283508,-72.047302,193.00,999999999.000,999999999,999999999,999999999,999999999,999999999,999999999,999999999,999999999,999999999,999999999,999999999,9999999999,999999999,999999999,999999999,999999999,999999999,999999999,3,2098952,1.10
20,2017-08-16 10:42:57,42963.4464988,999999999.0000000,999999999.000,999999999.000,973.860,1.100,67.590,-50.283508,-72.047302,193.00,999999999.000,999999999,999999999,999999999,999999999,999999999,999999999,999999999,999999999,999999999,999999999,999999999,9999999999,999999999,999999999,999999999,999999999,999999999,999999999,3,2098952,1.10
21,2017-08-16 10:42:58,42963.4465104,999999999.0000000,999999999.000,999999999.000,973.820,1.080,67.510,-50.283508,-72.047302,193.00,999999999.000,999999999,999999999,999999999,999999999,999999999,999999999,999999999,999999999,999999999,999999999,999999999,9999999999,999999999,999999999,999999999,999999999,999999999,999999999,3,2098952,1.08
22,2017-08-16 10:42:59,42963.4465220,999999999.0000000,999999999.000,999999999.000,973.860,1.090,67.540,-50.283508,-72.047302,193.00,999999999.000,999999999,999999999,999999999,999999999,999999999,999999999,999999999,999999999,999999999,999999999,999999999,9999999999,999999999,999999999,999999999,999999999,999999999,999999999,3,2098952,1.09
23,2017-08-16 10:43:00,42963.4465336,999999999.0000000,999999999.000,999999999.000,973.870,1.160,67.590,-50.283504,-72.047295,193.00,999999999.000,999999999,999999999,999999999,999999999,999999999,999999999,999999999,999999999,999999999,999999999,999999999,9999999999,999999999,999999999,999999999,999999999,999999999,999999999,3,2098952,1.16
24,2017-08-16 10:43:01,42963.4465451,999999999.0000000,999999999.000,999999999.000,973.860,1.170,67.550,-50.283504,-72.047295,193.00,999999999.000,999999999,999999999,999999999,999999999,999999999,999999999,999999999,999999999,999999999,999999999,999999999,9999999999,999999999,999999999,999999999,999999999,999999999,999999999,3,2098952,1.17
25,2017-08-16 10:43:02,42963.4465567,999999999.0000000,999999999.000,999999999.000,973.880,1.190,67.430,-50.283504,-72.047295,193.00,999999999.000,999999999,999999999,999999999,999999999,999999999,999999999,999999999,999999999,999999999,999999999,999999999,9999999999,999999999,999999999,999999999,999999999,999999999,999999999,3,2098952,1.19
26,2017-08-16 10:43:03,42963.4465683,999999999.0000000,999999999.000,999999999.000,973.840,1.180,67.550,-50.283504,-72.047295,193.00,999999999.000,999999999,999999999,999999999,999999999,999999999,999999999,999999999,999999999,999999999,999999999,999999999,9999999999,999999999,999999999,999999999,999999999,999999999,999999999,3,2098952,1.18
27,2017-08-16 10:43:04,42963.4465799,999999999.0000000,999999999.000,999999999.000,973.800,1.210,67.510,-50.283504,-72.047295,193.00,999999999.000,999999999,999999999,999999999,999999999,999999999,999999999,999999999,999999999,999999999,999999999,999999999,9999999999,999999999,999999999,999999999,999999999,999999999,999999999,3,2098952,1.21
28,2017-08-16 10:43:05,42963.4465914,999999999.0000000,999999999.000,999999999.000,973.870,1.250,67.430,-50.283504,-72.047295,193.00,999999999.000,999999999,999999999,999999999,999999999,999999999,999999999,999999999,999999999,999999999,999999999,999999999,9999999999,999999999,999999999,999999999,999999999,999999999,999999999,3,2098952,1.25
29,2017-08-16 10:43:06,42963.4466030,999999999.0000000,999999999.000,999999999.000,973.900,1.260,67.350,-50.283501,-72.047295,193.00,999999999.000,999999999,999999999,999999999,999999999,999999999,999999999,999999999,999999999,999999999,999999999,999999999,9999999999,999999999,999999999,999999999,999999999,999999999,999999999,0,2098952,1.26
30,2017-08-16 10:43:07,42963.4466146,999999999.0000000,999999999.000,999999999.000,973.880,1.270,67.510,-50.283501,-72.047295,193.00,999999999.000,999999999,999999999,999999999,999999999,999999999,999999999,999999999,999999999,999999999,999999999,999999999,9999999999,999999999,999999999,999999999,999999999,999999999,999999999,0,2098952,1.27
31,2017-08-16 10:43:08,42963.4466262,999999999.0000000,999999999.000,999999999.000,973.880,1.210,67.500,-50.283504,-72.047295,193.00,999999999.000,999999999,999999999,999999999,999999999,999999999,999999999,999999999,999999999,999999999,999999999,999999999,9999999999,999999999,999999999,999999999,999999999,999999999,999999999,3,2098952,1.21
32,2017-08-16 10:43:09,42963.4466377,999999999.0000000,999999999.000,999999999.000,973.860,1.180,67.580,-50.283501,-72.047295,193.00,999999999.000,999999999,999999999,999999999,999999999,999999999,999999999,999999999,999999999,999999999,999999999,999999999,9999999999,999999999,999999999,999999999,999999999,999999999,999999999,3,2098952,1.18
33,2017-08-16 10:43:10,42963.4466493,999999999.0000000,999999999.000,999999999.000,973.880,1.200,67.660,-50.283504,-72.047295,193.00,999999999.000,999999999,999999999,999999999,999999999,999999999,999999999,999999999,999999999,999999999,999999999,999999999,9999999999,999999999,999999999,999999999,999999999,999999999,999999999,3,2098952,1.20
34,2017-08-16 10:43:11,42963.4466609,999999999.0000000,999999999.000,999999999.000,973.890,1.180,67.580,-50.283504,-72.047295,193.00,999999999.000,999999999,999999999,999999999,999999999,999999999,999999999,999999999,999999999,999999999,999999999,999999999,9999999999,999999999,999999999,999999999,999999999,999999999,999999999,3,2098952,1.18
35,2017-08-16 10:43:12,42963.4466725,999999999.0000000,999999999.000,999999999.000,973.920,1.120,67.690,-50.283504,-72.047295,193.00,999999999.000,999999999,999999999,999999999,999999999,999999999,999999999,999999999,999999999,999999999,999999999,999999999,9999999999,999999999,999999999,999999999,999999999,999999999,999999999,3,2098952,1.12
36,2017-08-16 10:43:13,42963.4466840,999999999.0000000,999999999.000,999999999.000,973.920,1.130,67.650,-50.283504,-72.047295,193.00,999999999.000,999999999,999999999,999999999,999999999,999999999,999999999,999999999,999999999,999999999,999999999,999999999,9999999999,999999999,999999999,999999999,999999999,999999999,999999999,3,2098952,1.13
37,2017-08-16 10:43:14,42963.4466956,999999999.0000000,999999999.000,999999999.000,973.880,1.200,67.650,-50.283504,-72.047295,193.00,999999999.000,999999999,999999999,999999999,999999999,999999999,999999999,999999999,999999999,999999999,999999999,999999999,9999999999,999999999,999999999,999999999,999999999,999999999,999999999,3,2098952,1.20
38,2017-08-16 10:43:15,42963.4467072,999999999.0000000,999999999.000,999999999.000,973.890,1.210,67.650,-50.283504,-72.047295,193.00,999999999.000,999999999,999999999,999999999,999999999,999999999,999999999,999999999,999999999,999999999,999999999,999999999,9999999999,999999999,999999999,999999999,999999999,999999999,999999999,3,2098952,1.21
39,2017-08-16 10:43:16,42963.4467188,999999999.0000000,999999999.000,999999999.000,973.920,1.220,67.530,-50.283504,-72.047295,193.00,999999999.000,999999999,999999999,999999999,999999999,999999999,999999999,999999999,999999999,999999999,999999999,999999999,9999999999,999999999,999999999,999999999,999999999,999999999,999999999,3,2098952,1.22
40,2017-08-16 10:43:17,42963.4467303,999999999.0000000,999999999.000,999999999.000,973.900,1.280,67.660,-50.283501,-72.047295,193.00,999999999.000,999999999,999999999,999999999,999999999,999999999,999999999,999999999,999999999,999999999,999999999,999999999,9999999999,999999999,999999999,999999999,999999999,999999999,999999999,3,2098952,1.28
41,2017-08-16 10:43:18,42963.4467419,999999999.0000000,999999999.000,999999999.000,973.870,1.270,67.660,-50.283501,-72.047295,194.00,999999999.000,999999999,999999999,999999999,999999999,999999999,999999999,999999999,999999999,999999999,999999999,999999999,9999999999,999999999,999999999,999999999,999999999,999999999,999999999,3,2098952,1.27
42,2017-08-16 10:43:19,42963.4467535,999999999.0000000,999999999.000,999999999.000,973.910,1.290,67.660,-50.283501,-72.047295,194.00,999999999.000,999999999,999999999,999999999,999999999,999999999,999999999,999999999,999999999,999999999,999999999,999999999,9999999999,999999999,999999999,999999999,999999999,999999999,999999999,3,2098952,1.29
43,2017-08-16 10:43:20,42963.4467650,999999999.0000000,999999999.000,999999999.000,973.920,1.280,67.370,-50.283501,-72.047295,194.00,999999999.000,999999999,999999999,999999999,999999999,999999999,999999999,999999999,999999999,999999999,999999999,999999999,9999999999,999999999,999999999,999999999,999999999,999999999,999999999,3,2098952,1.28
44,2017-08-16 10:43:21,42963.4467766,999999999.0000000,999999999.000,999999999.000,973.950,1.220,67.480,-50.283501,-72.047295,194.00,999999999.000,999999999,999999999,999999999,999999999,999999999,999999999,999999999,999999999,999999999,999999999,999999999,9999999999,999999999,999999999,999999999,999999999,999999999,999999999,3,2098952,1.22
45,2017-08-16 10:43:22,42963.4467882,999999999.0000000,999999999.000,999999999.000,973.950,1.210,67.520,-50.283501,-72.047295,194.00,999999999.000,999999999,999999999,999999999,999999999,999999999,999999999,999999999,999999999,999999999,999999999,999999999,9999999999,999999999,999999999,999999999,999999999,999999999,999999999,3,2098952,1.21
46,2017-08-16 10:43:23,42963.4467998,999999999.0000000,999999999.000,999999999.000,973.950,1.190,67.600,-50.283497,-72.047295,194.00,999999999.000,999999999,999999999,999999999,999999999,999999999,999999999,999999999,999999999,999999999,999999999,999999999,9999999999,999999999,999999999,999999999,999999999,999999999,999999999,3,2098952,1.19
47,2017-08-16 10:43:24,42963.4468113,999999999.0000000,999999999.000,999999999.000,973.950,1.200,67.600,-50.283497,-72.047295,194.00,999999999.000,999999999,999999999,999999999,999999999,999999999,999999999,999999999,999999999,999999999,999999999,999999999,9999999999,999999999,999999999,999999999,999999999,999999999,999999999,3,2098952,1.20
48,2017-08-16 10:43:25,42963.4468229,999999999.0000000,999999999.000,999999999.000,973.950,1.240,67.520,-50.283493,-72.047295,194.00,999999999.000,999999999,999999999,999999999,999999999,999999999,999999999,999999999,999999999,999999999,999999999,999999999,9999999999,999999999,999999999,999999999,999999999,999999999,999999999,3,2098952,1.24
49,2017-08-16 10:43:26,42963.4468345,999999999.0000000,999999999.000,999999999.000,973.930,1.190,67.560,-50.283493,-72.047295,194.00,999999999.000,999999999,999999999,999999999,999999999,999999999,999999999,999999999,999999999,999999999,999999999,999999999,9999999999,999999999,999999999,999999999,999999999,999999999,999999999,3,2098952,1.19
50,2017-08-16 10:43:27,42963.4468461,999999999.0000000,999999999.000,999999999.000,973.890,1.190,67.600,-50.283493,-72.047295,194.00,999999999.000,999999999,999999999,999999999,999999999,999999999,999999999,999999999,999999999,999999999,999999999,999999999,9999999999,999999999,999999999,999999999,999999999,999999999,999999999,3,2098952,1.19
51,2017-08-16 10:43:28,42963.4468576,999999999.0000000,999999999.000,999999999.000,973.900,1.180,67.550,-50.283489,-72.047295,194.00,999999999.000,999999999,999999999,999999999,999999999,999999999,999999999,999999999,999999999,999999999,999999999,999999999,9999999999,999999999,999999999,999999999,999999999,999999999,999999999,3,2098952,1.18
52,2017-08-16 10:43:29,42963.4468692,999999999.0000000,999999999.000,999999999.000,973.850,1.220,67.840,-50.283489,-72.047295,194.00,999999999.000,999999999,999999999,999999999,999999999,999999999,999999999,999999999,999999999,999999999,999999999,999999999,9999999999,999999999,999999999,999999999,999999999,999999999,999999999,3,2098952,1.22
53,2017-08-16 10:43:30,42963.4468808,999999999.0000000,999999999.000,999999999.000,973.810,1.280,68.040,-50.283485,-72.047287,194.00,999999999.000,999999999,999999999,999999999,999999999,999999999,999999999,999999999,999999999,999999999,999999999,999999999,9999999999,999999999,999999999,999999999,999999999,999999999,999999999,3,2098952,1.28
54,2017-08-16 10:43:31,42963.4468924,999999999.0000000,999999999.000,999999999.000,973.830,1.300,68.050,-50.283485,-72.047287,194.00,999999999.000,999999999,999999999,999999999,999999999,999999999,999999999,999999999,999999999,999999999,999999999,999999999,9999999999,999999999,999999999,999999999,999999999,999999999,999999999,3,2098952,1.30
55,2017-08-16 10:43:32,42963.4469039,999999999.0000000,999999999.000,999999999.000,973.850,1.280,68.170,-50.283482,-72.047287,194.00,999999999.000,999999999,999999999,999999999,999999999,999999999,999999999,999999999,999999999,999999999,999999999,999999999,9999999999,999999999,999999999,999999999,999999999,999999999,999999999,3,2098952,1.28
56,2017-08-16 10:43:33,42963.4469155,999999999.0000000,999999999.000,999999999.000,973.860,1.270,68.120,-50.283482,-72.047287,194.00,999999999.000,999999999,999999999,999999999,999999999,999999999,999999999,999999999,999999999,999999999,999999999,999999999,9999999999,999999999,999999999,999999999,999999999,999999999,999999999,3,2098952,1.27
57,2017-08-16 10:43:34,42963.4469271,999999999.0000000,999999999.000,999999999.000,973.890,1.260,68.000,-50.283482,-72.047287,194.00,999999999.000,999999999,999999999,999999999,999999999,999999999,999999999,999999999,999999999,999999999,999999999,999999999,9999999999,999999999,999999999,999999999,999999999,999999999,999999999,3,2098952,1.26
58,2017-08-16 10:43:35,42963.4469387,999999999.0000000,999999999.000,999999999.000,973.920,1.260,68.160,-50.283482,-72.047287,194.00,999999999.000,999999999,999999999,999999999,999999999,999999999,999999999,999999999,999999999,999999999,999999999,999999999,9999999999,999999999,999999999,999999999,999999999,999999999,999999999,3,2098952,1.26
59,2017-08-16 10:43:36,42963.4469502,999999999.0000000,999999999.000,999999999.000,973.900,1.250,68.240,-50.283478,-72.047287,194.00,999999999.000,999999999,999999999,999999999,999999999,999999999,999999999,999999999,999999999,999999999,999999999,999999999,9999999999,999999999,999999999,999999999,999999999,999999999,999999999,3,2098952,1.25
60,2017-08-16 10:43:37,42963.4469618,999999999.0000000,999999999.000,999999999.000,973.870,1.250,68.360,-50.283478,-72.047287,194.00,999999999.000,999999999,999999999,999999999,999999999,999999999,999999999,999999999,999999999,999999999,999999999,999999999,9999999999,999999999,999999999,999999999,999999999,999999999,999999999,3,2098952,1.25
61,2017-08-16 10:43:38,42963.4469734,999999999.0000000,999999999.000,999999999.000,973.870,1.250,68.480,-50.283478,-72.047279,194.00,999999999.000,999999999,999999999,999999999,999999999,999999999,999999999,999999999,999999999,999999999,999999999,999999999,9999999999,999999999,999999999,999999999,999999999,999999999,999999999,3,2098952,1.25
62,2017-08-16 10:43:39,42963.4469850,999999999.0000000,999999999.000,999999999.000,973.900,1.250,68.520,-50.283478,-72.047279,195.00,999999999.000,999999999,999999999,999999999,999999999,999999999,999999999,999999999,999999999,999999999,999999999,999999999,9999999999,999999999,999999999,999999999,999999999,999999999,999999999,3,2098952,1.25
63,2017-08-16 10:43:40,42963.4469965,999999999.0000000,999999999.000,999999999.000,973.890,1.250,68.480,-50.283478,-72.047279,195.00,999999999.000,999999999,999999999,999999999,999999999,999999999,999999999,999999999,999999999,999999999,999999999,999999999,9999999999,999999999,999999999,999999999,999999999,999999999,999999999,3,2098952,1.25
64,2017-08-16 10:43:41,42963.4470081,999999999.0000000,999999999.000,999999999.000,973.900,1.240,68.520,-50.283478,-72.047279,195.00,999999999.000,999999999,999999999,999999999,999999999,999999999,999999999,999999999,999999999,999999999,999999999,999999999,9999999999,999999999,999999999,999999999,999999999,999999999,999999999,3,2098952,1.24
65,2017-08-16 10:43:42,42963.4470197,999999999.0000000,999999999.000,999999999.000,973.890,1.260,68.430,-50.283478,-72.047279,195.00,999999999.000,999999999,999999999,999999999,999999999,999999999,999999999,999999999,999999999,999999999,999999999,999999999,9999999999,999999999,999999999,999999999,999999999,999999999,999999999,3,2098952,1.26
66,2017-08-16 10:43:43,42963.4470313,999999999.0000000,999999999.000,999999999.000,973.910,1.270,68.270,-50.283478,-72.047279,195.00,999999999.000,999999999,999999999,999999999,999999999,999999999,999999999,999999999,999999999,999999999,999999999,999999999,9999999999,999999999,999999999,999999999,999999999,999999999,999999999,3,2098952,1.27
67,2017-08-16 10:43:44,42963.4470428,999999999.0000000,999999999.000,999999999.000,973.910,1.270,68.350,-50.283478,-72.047279,195.00,999999999.000,999999999,999999999,999999999,999999999,999999999,999999999,999999999,999999999,999999999,999999999,999999999,9999999999,999999999,999999999,999999999,999999999,999999999,999999999,3,2098952,1.27
68,2017-08-16 10:43:45,42963.4470544,999999999.0000000,999999999.000,999999999.000,973.940,1.270,68.350,-50.283474,-72.047279,195.00,999999999.000,999999999,999999999,999999999,999999999,999999999,999999999,999999999,999999999,999999999,999999999,999999999,9999999999,999999999,999999999,999999999,999999999,999999999,999999999,3,2098952,1.27
69,2017-08-16 10:43:46,42963.4470660,999999999.0000000,999999999.000,999999999.000,973.960,1.260,68.310,-50.283474,-72.047279,195.00,999999999.000,999999999,999999999,999999999,999999999,999999999,999999999,999999999,999999999,999999999,999999999,999999999,9999999999,999999999,999999999,999999999,999999999,999999999,999999999,3,2098952,1.26
70,2017-08-16 10:43:47,42963.4470775,999999999.0000000,999999999.000,999999999.000,973.970,1.270,68.230,-50.283474,-72.047279,195.00,999999999.000,999999999,999999999,999999999,999999999,999999999,999999999,999999999,999999999,999999999,999999999,999999999,9999999999,999999999,999999999,999999999,999999999,999999999,999999999,3,2098952,1.27
71,2017-08-16 10:43:48,42963.4470891,999999999.0000000,999999999.000,999999999.000,973.950,1.250,68.340,-50.283470,-72.047279,195.00,999999999.000,999999999,999999999,999999999,999999999,999999999,999999999,999999999,999999999,999999999,999999999,999999999,9999999999,999999999,999999999,999999999,999999999,999999999,999999999,3,2098952,1.25
72,2017-08-16 10:43:49,42963.4471007,999999999.0000000,999999999.000,999999999.000,973.920,1.180,68.290,-50.283470,-72.047272,195.00,999999999.000,999999999,999999999,999999999,999999999,999999999,999999999,999999999,999999999,999999999,999999999,999999999,9999999999,999999999,999999999,999999999,999999999,999999999,999999999,3,2098952,1.18
73,2017-08-16 10:43:50,42963.4471123,999999999.0000000,999999999.000,999999999.000,973.940,1.140,68.330,-50.283466,-72.047272,195.00,999999999.000,999999999,999999999,999999999,999999999,999999999,999999999,999999999,999999999,999999999,999999999,999999999,9999999999,999999999,999999999,999999999,999999999,999999999,999999999,3,2098952,1.14
74,2017-08-16 10:43:51,42963.4471238,999999999.0000000,999999999.000,999999999.000,973.950,1.160,68.290,-50.283466,-72.047272,195.00,999999999.000,999999999,999999999,999999999,999999999,999999999,999999999,999999999,999999999,999999999,999999999,999999999,9999999999,999999999,999999999,999999999,999999999,999999999,999999999,3,2098952,1.16
75,2017-08-16 10:43:52,42963.4471354,999999999.0000000,999999999.000,999999999.000,973.940,1.190,68.170,-50.283463,-72.047272,195.00,999999999.000,999999999,999999999,999999999,999999999,999999999,999999999,999999999,999999999,999999999,999999999,999999999,9999999999,999999999,999999999,999999999,999999999,999999999,999999999,3,2098952,1.19
76,2017-08-16 10:43:53,42963.4471470,999999999.0000000,999999999.000,999999999.000,973.930,1.220,68.290,-50.283463,-72.047272,195.00,999999999.000,999999999,999999999,999999999,999999999,999999999,999999999,999999999,999999999,999999999,999999999,999999999,9999999999,999999999,999999999,999999999,999999999,999999999,999999999,3,2098952,1.22
77,2017-08-16 10:43:54,42963.4471586,999999999.0000000,999999999.000,999999999.000,973.920,1.210,68.290,-50.283463,-72.047272,195.00,999999999.000,999999999,999999999,999999999,999999999,999999999,999999999,999999999,999999999,999999999,999999999,999999999,9999999999,999999999,999999999,999999999,999999999,999999999,999999999,3,2098952,1.21
78,2017-08-16 10:43:55,42963.4471701,999999999.0000000,999999999.000,999999999.000,973.900,1.190,68.330,-50.283459,-72.047264,195.00,999999999.000,999999999,999999999,999999999,999999999,999999999,999999999,999999999,999999999,999999999,999999999,999999999,9999999999,999999999,999999999,999999999,999999999,999999999,999999999,3,2098952,1.19
79,2017-08-16 10:43:56,42963.4471817,999999999.0000000,999999999.000,999999999.000,973.910,1.250,68.170,-50.283459,-72.047264,195.00,999999999.000,999999999,999999999,999999999,999999999,999999999,999999999,999999999,999999999,999999999,999999999,999999999,9999999999,999999999,999999999,999999999,999999999,999999999,999999999,3,2098952,1.25
80,2017-08-16 10:43:57,42963.4471933,999999999.0000000,999999999.000,999999999.000,973.890,1.250,68.250,-50.283459,-72.047264,195.00,999999999.000,999999999,999999999,999999999,999999999,999999999,999999999,999999999,999999999,999999999,999999999,999999999,9999999999,999999999,999999999,999999999,999999999,999999999,999999999,3,2098952,1.25
81,2017-08-16 10:43:58,42963.4472049,999999999.0000000,999999999.000,999999999.000,973.920,1.210,68.290,-50.283459,-72.047264,195.00,999999999.000,999999999,999999999,999999999,999999999,999999999,999999999,999999999,999999999,999999999,999999999,999999999,9999999999,999999999,999999999,999999999,999999999,999999999,999999999,3,2098952,1.21
82,2017-08-16 10:43:59,42963.4472164,999999999.0000000,999999999.000,999999999.000,973.950,1.200,68.240,-50.283459,-72.047264,195.00,999999999.000,999999999,999999999,999999999,999999999,999999999,999999999,999999999,999999999,999999999,999999999,999999999,9999999999,999999999,999999999,999999999,999999999,999999999,999999999,3,2098952,1.20
83,2017-08-16 10:44:00,42963.4472280,999999999.0000000,999999999.000,999999999.000,973.920,1.250,68.250,-50.283459,-72.047264,195.00,999999999.000,999999999,999999999,999999999,999999999,999999999,999999999,999999999,999999999,999999999,999999999,999999999,9999999999,999999999,999999999,999999999,999999999,999999999,999999999,3,2098952,1.25
84,2017-08-16 10:44:01,42963.4472396,999999999.0000000,999999999.000,999999999.000,973.910,1.170,68.200,-50.283459,-72.047264,196.00,999999999.000,999999999,999999999,999999999,999999999,999999999,999999999,999999999,999999999,999999999,999999999,999999999,9999999999,999999999,999999999,999999999,999999999,999999999,999999999,3,2098952,1.17
85,2017-08-16 10:44:02,42963.4472512,999999999.0000000,999999999.000,999999999.000,973.930,1.200,68.280,-50.283459,-72.047264,196.00,999999999.000,999999999,999999999,999999999,999999999,999999999,999999999,999999999,999999999,999999999,999999999,999999999,9999999999,999999999,999999999,999999999,999999999,999999999,999999999,3,2098952,1.20
86,2017-08-16 10:44:03,42963.4472627,999999999.0000000,999999999.000,999999999.000,973.940,1.240,68.280,-50.283455,-72.047264,196.00,999999999.000,999999999,999999999,999999999,999999999,999999999,999999999,999999999,999999999,999999999,999999999,999999999,9999999999,999999999,999999999,999999999,999999999,999999999,999999999,3,2098952,1.24
87,2017-08-16 10:44:04,42963.4472743,999999999.0000000,999999999.000,999999999.000,973.930,1.260,68.320,-50.283455,-72.047264,196.00,999999999.000,999999999,999999999,999999999,999999999,999999999,999999999,999999999,999999999,999999999,999999999,999999999,9999999999,999999999,999999999,999999999,999999999,999999999,999999999,3,2098952,1.26
88,2017-08-16 10:44:05,42963.4472859,999999999.0000000,999999999.000,999999999.000,973.990,1.260,68.400,-50.283455,-72.047264,196.00,999999999.000,999999999,999999999,999999999,999999999,999999999,999999999,999999999,999999999,999999999,999999999,999999999,9999999999,999999999,999999999,999999999,999999999,999999999,999999999,3,2098952,1.26
89,2017-08-16 10:44:06,42963.4472975,999999999.0000000,999999999.000,999999999.000,973.950,1.250,68.480,-50.283455,-72.047264,196.00,999999999.000,999999999,999999999,999999999,999999999,999999999,999999999,999999999,999999999,999999999,999999999,999999999,9999999999,999999999,999999999,999999999,999999999,999999999,999999999,3,2098952,1.25
90,2017-08-16 10:44:07,42963.4473090,999999999.0000000,999999999.000,999999999.000,973.920,1.250,68.560,-50.283455,-72.047264,196.00,999999999.000,999999999,999999999,999999999,999999999,999999999,999999999,999999999,999999999,999999999,999999999,999999999,9999999999,999999999,999999999,999999999,999999999,999999999,999999999,3,2098952,1.25
91,2017-08-16 10:44:08,42963.4473206,999999999.0000000,999999999.000,999999999.000,973.950,1.310,68.770,-50.283455,-72.047264,196.00,999999999.000,999999999,999999999,999999999,999999999,999999999,999999999,999999999,999999999,999999999,999999999,999999999,9999999999,999999999,999999999,999999999,999999999,999999999,999999999,3,2098952,1.31
92,2017-08-16 10:44:09,42963.4473322,999999999.0000000,999999999.000,999999999.000,973.920,1.310,68.930,-50.283455,-72.047264,196.00,999999999.000,999999999,999999999,999999999,999999999,999999999,999999999,999999999,999999999,999999999,999999999,999999999,9999999999,999999999,999999999,999999999,999999999,999999999,999999999,3,2098952,1.31
93,2017-08-16 10:44:10,42963.4473438,999999999.0000000,999999999.000,999999999.000,973.960,1.290,68.680,-50.283455,-72.047264,196.00,999999999.000,999999999,999999999,999999999,999999999,999999999,999999999,999999999,999999999,999999999,999999999,999999999,9999999999,999999999,999999999,999999999,999999999,999999999,999999999,3,2098952,1.29
94,2017-08-16 10:44:11,42963.4473553,999999999.0000000,999999999.000,999999999.000,973.960,1.260,68.760,-50.283451,-72.047264,196.00,999999999.000,999999999,999999999,999999999,999999999,999999999,999999999,999999999,999999999,999999999,999999999,999999999,9999999999,999999999,999999999,999999999,999999999,999999999,999999999,3,2098952,1.26
95,2017-08-16 10:44:12,42963.4473669,999999999.0000000,999999999.000,999999999.000,973.970,1.300,68.800,-50.283451,-72.047264,196.00,999999999.000,999999999,999999999,999999999,999999999,999999999,999999999,999999999,999999999,999999999,999999999,999999999,9999999999,999999999,999999999,999999999,999999999,999999999,999999999,3,2098952,1.30
96,2017-08-16 10:44:13,42963.4473785,999999999.0000000,999999999.000,999999999.000,973.980,1.240,68.800,-50.283451,-72.047264,196.00,999999999.000,999999999,999999999,999999999,999999999,999999999,999999999,999999999,999999999,999999999,999999999,999999999,9999999999,999999999,999999999,999999999,999999999,999999999,999999999,3,2098952,1.24
97,2017-08-16 10:44:14,42963.4473900,999999999.0000000,999999999.000,999999999.000,973.990,1.240,68.670,-50.283451,-72.047264,196.00,999999999.000,999999999,999999999,999999999,999999999,999999999,999999999,999999999,999999999,999999999,999999999,999999999,9999999999,999999999,999999999,999999999,999999999,999999999,999999999,3,2098952,1.24
98,2017-08-16 10:44:15,42963.4474016,999999999.0000000,999999999.000,999999999.000,973.990,1.230,68.670,-50.283447,-72.047264,196.00,999999999.000,999999999,999999999,999999999,999999999,999999999,999999999,999999999,999999999,999999999,999999999,999999999,9999999999,999999999,999999999,999999999,999999999,999999999,999999999,3,2098952,1.23
99,2017-08-16 10:44:16,42963.4474132,999999999.0000000,999999999.000,999999999.000,973.980,1.250,68.590,-50.283451,-72.047264,196.00,999999999.000,999999999,999999999,999999999,999999999,999999999,999999999,999999999,999999999,999999999,999999999,999999999,9999999999,999999999,999999999,999999999,999999999,999999999,999999999,3,2098952,1.25
100,2017-08-16 10:44:17,42963.4474248,999999999.0000000,999999999.000,999999999.000,973.970,1.250,68.590,-50.283451,-72.047264,196.00,999999999.000,999999999,999999999,999999999,999999999,999999999,999999999,999999999,999999999,999999999,999999999,999999999,9999999999,999999999,999999999,999999999,999999999,999999999,999999999,3,2098952,1.25
101,2017-08-16 10:44:18,42963.4474363,999999999.0000000,999999999.000,999999999.000,973.960,1.310,68.680,-50.283451,-72.047264,196.00,999999999.000,999999999,999999999,999999999,999999999,999999999,999999999,999999999,999999999,999999999,999999999,999999999,9999999999,999999999,999999999,999999999,999999999,999999999,999999999,3,2098952,1.31
102,2017-08-16 10:44:19,42963.4474479,999999999.0000000,999999999.000,999999999.000,973.950,1.330,68.720,-50.283451,-72.047264,196.00,999999999.000,999999999,999999999,999999999,999999999,999999999,999999999,999999999,999999999,999999999,999999999,999999999,9999999999,999999999,999999999,999999999,999999999,999999999,999999999,3,2098952,1.33
103,2017-08-16 10:44:20,42963.4474595,999999999.0000000,999999999.000,999999999.000,974.000,1.300,68.800,-50.283451,-72.047264,196.00,999999999.000,999999999,999999999,999999999,999999999,999999999,999999999,999999999,999999999,999999999,999999999,999999999,9999999999,999999999,999999999,999999999,999999999,999999999,999999999,3,2098952,1.30
104,2017-08-16 10:44:21,42963.4474711,999999999.0000000,999999999.000,999999999.000,973.990,1.310,68.800,-50.283451,-72.047264,196.00,999999999.000,999999999,999999999,999999999,999999999,999999999,999999999,999999999,999999999,999999999,999999999,999999999,9999999999,999999999,999999999,999999999,999999999,999999999,999999999,3,2098952,1.31
105,2017-08-16 10:44:22,42963.4474826,999999999.0000000,999999999.000,999999999.000,974.000,1.270,68.830,-50.283451,-72.047264,196.00,999999999.000,999999999,999999999,999999999,999999999,999999999,999999999,999999999,999999999,999999999,999999999,999999999,9999999999,999999999,999999999,999999999,999999999,999999999,999999999,3,2098952,1.27
106,2017-08-16 10:44:23,42963.4474942,999999999.0000000,999999999.000,999999999.000,974.010,1.320,68.790,-50.283451,-72.047264,196.00,999999999.000,999999999,999999999,999999999,999999999,999999999,999999999,999999999,999999999,999999999,999999999,999999999,9999999999,999999999,999999999,999999999,999999999,999999999,999999999,3,2098952,1.32
107,2017-08-16 10:44:24,42963.4475058,999999999.0000000,999999999.000,999999999.000,974.000,1.340,68.670,-50.283451,-72.047264,196.00,999999999.000,999999999,999999999,999999999,999999999,999999999,999999999,999999999,999999999,999999999,999999999,999999999,9999999999,999999999,999999999,999999999,999999999,999999999,999999999,3,2098952,1.34
108,2017-08-16 10:44:25,42963.4475174,999999999.0000000,999999999.000,999999999.000,974.020,1.250,68.700,-50.283451,-72.047264,196.00,999999999.000,999999999,999999999,999999999,999999999,999999999,999999999,999999999,999999999,999999999,999999999,999999999,9999999999,999999999,999999999,999999999,999999999,999999999,999999999,3,2098952,1.25
109,2017-08-16 10:44:26,42963.4475289,999999999.0000000,999999999.000,999999999.000,974.040,1.240,68.620,-50.283447,-72.047264,196.00,999999999.000,999999999,999999999,999999999,999999999,999999999,999999999,999999999,999999999,999999999,999999999,999999999,9999999999,999999999,999999999,999999999,999999999,999999999,999999999,3,2098952,1.24
110,2017-08-16 10:44:27,42963.4475405,999999999.0000000,999999999.000,999999999.000,973.970,1.230,68.580,-50.283451,-72.047264,196.00,999999999.000,999999999,999999999,999999999,999999999,999999999,999999999,999999999,999999999,999999999,999999999,999999999,9999999999,999999999,999999999,999999999,999999999,999999999,999999999,3,2098952,1.23
111,2017-08-16 10:44:28,42963.4475521,999999999.0000000,999999999.000,999999999.000,973.930,1.230,68.410,-50.283451,-72.047264,196.00,999999999.000,999999999,999999999,999999999,999999999,999999999,999999999,999999999,999999999,999999999,999999999,999999999,9999999999,999999999,999999999,999999999,999999999,999999999,999999999,3,2098952,1.23
112,2017-08-16 10:44:29,42963.4475637,999999999.0000000,999999999.000,999999999.000,973.950,1.230,68.530,-50.283451,-72.047264,196.00,999999999.000,999999999,999999999,999999999,999999999,999999999,999999999,999999999,999999999,999999999,999999999,999999999,9999999999,999999999,999999999,999999999,999999999,999999999,999999999,3,2098952,1.23
113,2017-08-16 10:44:30,42963.4475752,999999999.0000000,999999999.000,999999999.000,973.960,1.240,68.450,-50.283451,-72.047264,196.00,999999999.000,999999999,999999999,999999999,999999999,999999999,999999999,999999999,999999999,999999999,999999999,999999999,9999999999,999999999,999999999,999999999,999999999,999999999,999999999,3,2098952,1.24
114,2017-08-16 10:44:31,42963.4475868,999999999.0000000,999999999.000,999999999.000,973.970,1.260,68.490,-50.283455,-72.047264,196.00,999999999.000,999999999,999999999,999999999,999999999,999999999,999999999,999999999,999999999,999999999,999999999,999999999,9999999999,999999999,999999999,999999999,999999999,999999999,999999999,3,2098952,1.26
115,2017-08-16 10:44:32,42963.4475984,999999999.0000000,999999999.000,999999999.000,973.990,1.250,68.490,-50.283455,-72.047264,196.00,999999999.000,999999999,999999999,999999999,999999999,999999999,999999999,999999999,999999999,999999999,999999999,999999999,9999999999,999999999,999999999,999999999,999999999,999999999,999999999,3,2098952,1.25
116,2017-08-16 10:44:33,42963.4476100,999999999.0000000,999999999.000,999999999.000,973.990,1.250,68.450,-50.283455,-72.047264,196.00,999999999.000,999999999,999999999,999999999,999999999,999999999,999999999,999999999,999999999,999999999,999999999,999999999,9999999999,999999999,999999999,999999999,999999999,999999999,999999999,3,2098952,1.25
117,2017-08-16 10:44:34,42963.4476215,999999999.0000000,999999999.000,999999999.000,973.990,1.240,68.440,-50.283455,-72.047272,196.00,999999999.000,999999999,999999999,999999999,999999999,999999999,999999999,999999999,999999999,999999999,999999999,999999999,9999999999,999999999,999999999,999999999,999999999,999999999,999999999,3,2098952,1.24
118,2017-08-16 10:44:35,42963.4476331,999999999.0000000,999999999.000,999999999.000,973.940,1.230,68.400,-50.283455,-72.047272,196.00,999999999.000,999999999,999999999,999999999,999999999,999999999,999999999,999999999,999999999,999999999,999999999,999999999,9999999999,999999999,999999999,999999999,999999999,999999999,999999999,3,2098952,1.23
119,2017-08-16 10:44:36,42963.4476447,999999999.0000000,999999999.000,999999999.000,973.940,1.230,68.400,-50.283455,-72.047272,196.00,999999999.000,999999999,999999999,999999999,999999999,999999999,999999999,999999999,999999999,999999999,999999999,999999999,9999999999,999999999,999999999,999999999,999999999,999999999,999999999,3,2098952,1.23
120,2017-08-16 10:44:37,42963.4476563,999999999.0000000,999999999.000,999999999.000,973.960,1.240,68.280,-50.283455,-72.047264,196.00,999999999.000,999999999,999999999,999999999,999999999,999999999,999999999,999999999,999999999,999999999,999999999,999999999,9999999999,999999999,999999999,999999999,999999999,999999999,999999999,3,2098952,1.24
121,2017-08-16 10:44:38,42963.4476678,999999999.0000000,999999999.000,999999999.000,973.970,1.230,68.360,-50.283455,-72.047264,196.00,999999999.000,999999999,999999999,999999999,999999999,999999999,999999999,999999999,999999999,999999999,999999999,999999999,9999999999,999999999,999999999,999999999,999999999,999999999,999999999,3,2098952,1.23
122,2017-08-16 10:44:39,42963.4476794,999999999.0000000,999999999.000,999999999.000,973.980,1.160,68.310,-50.283455,-72.047264,196.00,999999999.000,999999999,999999999,999999999,999999999,999999999,999999999,999999999,999999999,999999999,999999999,999999999,9999999999,999999999,999999999,999999999,999999999,999999999,999999999,3,2098952,1.16
123,2017-08-16 10:44:40,42963.4476910,999999999.0000000,999999999.000,999999999.000,973.990,1.130,68.350,-50.283455,-72.047264,196.00,999999999.000,999999999,999999999,999999999,999999999,999999999,999999999,999999999,999999999,999999999,999999999,999999999,9999999999,999999999,999999999,999999999,999999999,999999999,999999999,3,2098952,1.13
124,2017-08-16 10:44:41,42963.4477025,999999999.0000000,999999999.000,999999999.000,973.970,1.120,68.350,-50.283455,-72.047264,196.00,999999999.000,999999999,999999999,999999999,999999999,999999999,999999999,999999999,999999999,999999999,999999999,999999999,9999999999,999999999,999999999,999999999,999999999,999999999,999999999,3,2098952,1.12
125,2017-08-16 10:44:42,42963.4477141,999999999.0000000,999999999.000,999999999.000,973.960,1.150,68.220,-50.283455,-72.047264,196.00,999999999.000,999999999,999999999,999999999,999999999,999999999,999999999,999999999,999999999,999999999,999999999,999999999,9999999999,999999999,999999999,999999999,999999999,999999999,999999999,3,2098952,1.15
126,2017-08-16 10:44:43,42963.4477257,999999999.0000000,999999999.000,999999999.000,973.930,1.120,68.340,-50.283455,-72.047264,196.00,999999999.000,999999999,999999999,999999999,999999999,999999999,999999999,999999999,999999999,999999999,999999999,999999999,9999999999,999999999,999999999,999999999,999999999,999999999,999999999,3,2098952,1.12
127,2017-08-16 10:44:44,42963.4477373,999999999.0000000,999999999.000,999999999.000,973.950,1.120,68.420,-50.283455,-72.047264,196.00,999999999.000,999999999,999999999,999999999,999999999,999999999,999999999,999999999,999999999,999999999,999999999,999999999,9999999999,999999999,999999999,999999999,999999999,999999999,999999999,3,2098952,1.12
128,2017-08-16 10:44:45,42963.4477488,999999999.0000000,999999999.000,999999999.000,973.990,1.080,68.460,-50.283455,-72.047272,196.00,999999999.000,999999999,999999999,999999999,999999999,999999999,999999999,999999999,999999999,999999999,999999999,999999999,9999999999,999999999,999999999,999999999,999999999,999999999,999999999,3,2098952,1.08
129,2017-08-16 10:44:46,42963.4477604,999999999.0000000,999999999.000,999999999.000,974.020,1.080,68.410,-50.283455,-72.047264,196.00,999999999.000,999999999,999999999,999999999,999999999,999999999,999999999,999999999,999999999,999999999,999999999,999999999,9999999999,999999999,999999999,999999999,999999999,999999999,999999999,3,2098952,1.08
130,2017-08-16 10:44:47,42963.4477720,999999999.0000000,999999999.000,999999999.000,974.010,1.030,68.570,-50.283455,-72.047264,196.00,999999999.000,999999999,999999999,999999999,999999999,999999999,999999999,999999999,999999999,999999999,999999999,999999999,9999999999,999999999,999999999,999999999,999999999,999999999,999999999,3,2098952,1.03
131,2017-08-16 10:44:48,42963.4477836,999999999.0000000,999999999.000,999999999.000,973.990,1.070,68.690,-50.283455,-72.047264,196.00,999999999.000,999999999,999999999,999999999,999999999,999999999,999999999,999999999,999999999,999999999,999999999,999999999,9999999999,999999999,999999999,999999999,999999999,999999999,999999999,3,2098952,1.07
132,2017-08-16 10:44:49,42963.4477951,999999999.0000000,999999999.000,999999999.000,973.990,1.070,68.900,-50.283455,-72.047264,196.00,999999999.000,999999999,999999999,999999999,999999999,999999999,999999999,999999999,999999999,999999999,999999999,999999999,9999999999,999999999,999999999,999999999,999999999,999999999,999999999,3,2098952,1.07
133,2017-08-16 10:44:50,42963.4478067,999999999.0000000,999999999.000,999999999.000,973.970,1.070,68.900,-50.283459,-72.047272,196.00,999999999.000,999999999,999999999,999999999,999999999,999999999,999999999,999999999,999999999,999999999,999999999,999999999,9999999999,999999999,999999999,999999999,999999999,999999999,999999999,3,2098952,1.07
134,2017-08-16 10:44:51,42963.4478183,999999999.0000000,999999999.000,999999999.000,974.040,1.040,68.930,-50.283459,-72.047272,196.00,999999999.000,999999999,999999999,999999999,999999999,999999999,999999999,999999999,999999999,999999999,999999999,999999999,9999999999,999999999,999999999,999999999,999999999,999999999,999999999,3,2098952,1.04
135,2017-08-16 10:44:52,42963.4478299,999999999.0000000,999999999.000,999999999.000,974.010,0.980,69.090,-50.283459,-72.047272,196.00,999999999.000,999999999,999999999,999999999,999999999,999999999,999999999,999999999,999999999,999999999,999999999,999999999,9999999999,999999999,999999999,999999999,999999999,999999999,999999999,3,2098952,0.98
136,2017-08-16 10:44:53,42963.4478414,999999999.0000000,999999999.000,999999999.000,973.990,0.980,69.130,-50.283459,-72.047272,196.00,999999999.000,999999999,999999999,999999999,999999999,999999999,999999999,999999999,999999999,999999999,999999999,999999999,9999999999,999999999,999999999,999999999,999999999,999999999,999999999,3,2098952,0.98
137,2017-08-16 10:44:54,42963.4478530,999999999.0000000,999999999.000,999999999.000,973.970,0.960,69.200,-50.283459,-72.047272,196.00,999999999.000,999999999,999999999,999999999,999999999,999999999,999999999,999999999,999999999,999999999,999999999,999999999,9999999999,999999999,999999999,999999999,999999999,999999999,999999999,3,2098952,0.96
138,2017-08-16 10:44:55,42963.4478646,999999999.0000000,999999999.000,999999999.000,974.020,0.930,69.160,-50.283459,-72.047272,196.00,999999999.000,999999999,999999999,999999999,999999999,999999999,999999999,999999999,999999999,999999999,999999999,999999999,9999999999,999999999,999999999,999999999,999999999,999999999,999999999,3,2098952,0.93
139,2017-08-16 10:44:56,42963.4478762,999999999.0000000,999999999.000,999999999.000,974.010,0.940,69.320,-50.283459,-72.047272,196.00,999999999.000,999999999,999999999,999999999,999999999,999999999,999999999,999999999,999999999,999999999,999999999,999999999,9999999999,999999999,999999999,999999999,999999999,999999999,999999999,3,2098952,0.94
140,2017-08-16 10:44:57,42963.4478877,999999999.0000000,999999999.000,999999999.000,974.000,0.920,69.360,-50.283459,-72.047272,196.00,999999999.000,999999999,999999999,999999999,999999999,999999999,999999999,999999999,999999999,999999999,999999999,999999999,9999999999,999999999,999999999,999999999,999999999,999999999,999999999,3,2098952,0.92
141,2017-08-16 10:44:58,42963.4478993,999999999.0000000,999999999.000,999999999.000,974.020,0.930,69.440,-50.283459,-72.047272,196.00,999999999.000,999999999,999999999,999999999,999999999,999999999,999999999,999999999,999999999,999999999,999999999,999999999,9999999999,999999999,999999999,999999999,999999999,999999999,999999999,3,2098952,0.93
142,2017-08-16 10:44:59,42963.4479109,999999999.0000000,999999999.000,999999999.000,974.060,0.870,69.560,-50.283459,-72.047272,196.00,999999999.000,999999999,999999999,999999999,999999999,999999999,999999999,999999999,999999999,999999999,999999999,999999999,9999999999,999999999,999999999,999999999,999999999,999999999,999999999,3,2098952,0.87
143,2017-08-16 10:45:00,42963.4479225,999999999.0000000,999999999.000,999999999.000,974.090,0.930,69.680,-50.283459,-72.047272,196.00,999999999.000,999999999,999999999,999999999,999999999,999999999,999999999,999999999,999999999,999999999,999999999,999999999,9999999999,999999999,999999999,999999999,999999999,999999999,999999999,3,2098952,0.93
144,2017-08-16 10:45:01,42963.4479340,999999999.0000000,999999999.000,999999999.000,974.040,0.930,69.840,-50.283459,-72.047272,196.00,999999999.000,999999999,999999999,999999999,999999999,999999999,999999999,999999999,999999999,999999999,999999999,999999999,9999999999,999999999,999999999,999999999,999999999,999999999,999999999,3,2098952,0.93
145,2017-08-16 10:45:02,42963.4479456,999999999.0000000,999999999.000,999999999.000,974.040,0.910,69.840,-50.283459,-72.047272,196.00,999999999.000,999999999,999999999,999999999,999999999,999999999,999999999,999999999,999999999,999999999,999999999,999999999,9999999999,999999999,999999999,999999999,999999999,999999999,999999999,3,2098952,0.91
146,2017-08-16 10:45:03,42963.4479572,999999999.0000000,999999999.000,999999999.000,974.010,0.920,69.880,-50.283455,-72.047272,196.00,999999999.000,999999999,999999999,999999999,999999999,999999999,999999999,999999999,999999999,999999999,999999999,999999999,9999999999,999999999,999999999,999999999,999999999,999999999,999999999,3,2098952,0.92
147,2017-08-16 10:45:04,42963.4479688,999999999.0000000,999999999.000,999999999.000,974.020,0.920,69.920,-50.283455,-72.047272,196.00,999999999.000,999999999,999999999,999999999,999999999,999999999,999999999,999999999,999999999,999999999,999999999,999999999,9999999999,999999999,999999999,999999999,999999999,999999999,999999999,3,2098952,0.92
148,2017-08-16 10:45:05,42963.4479803,999999999.0000000,999999999.000,999999999.000,974.060,0.910,70.040,-50.283455,-72.047272,196.00,999999999.000,999999999,999999999,999999999,999999999,999999999,999999999,999999999,999999999,999999999,999999999,999999999,9999999999,999999999,999999999,999999999,999999999,999999999,999999999,3,2098952,0.91
149,2017-08-16 10:45:06,42963.4479919,999999999.0000000,999999999.000,999999999.000,974.040,0.880,70.120,-50.283455,-72.047272,196.00,999999999.000,999999999,999999999,999999999,999999999,999999999,999999999,999999999,999999999,999999999,999999999,999999999,9999999999,999999999,999999999,999999999,999999999,999999999,999999999,3,2098952,0.88
150,2017-08-16 10:45:07,42963.4480035,999999999.0000000,999999999.000,999999999.000,974.050,0.810,70.230,-50.283455,-72.047272,196.00,999999999.000,999999999,999999999,999999999,999999999,999999999,999999999,999999999,999999999,999999999,999999999,999999999,9999999999,999999999,999999999,999999999,999999999,999999999,999999999,3,2098952,0.81
151,2017-08-16 10:45:08,42963.4480150,999999999.0000000,999999999.000,999999999.000,974.030,0.780,70.350,-50.283455,-72.047272,196.00,999999999.000,999999999,999999999,999999999,999999999,999999999,999999999,999999999,999999999,999999999,999999999,999999999,9999999999,999999999,999999999,999999999,999999999,999999999,999999999,3,2098952,0.78
