PPAA 57188 /////
44385 29020 26532 27030 44340 29045 31055 29562 44320 28067
28067 29081
77999

PPBB 57188 /////
21212 00986 27006 11959 26510 22887 30014 33691 26033 44625
25530 55485 27029 66442 29044 77283 31559 88225 29071 99213
28069 11165 27565

PPCC 57188 /////
44370 28599 27610 28086 44120 27603
66112 26665 415//

PPDD 57188 /////
21212 11907 28588 22864 29078 33759 29098 44754 29099 55668
28592 66550 28611 77360 27093 88302 28086 99276 27601 11241
28596 22221 28092 33160 27114 44127 26657 55112 26665
