TTAA 57181 /////
99986 11464 27006 00087 ///// ///// 92730 05261 29013 85413
00758 29020 70932 11939 26532 50542 29356 27030 40698 40757
29045 30887 56750 31055 25000 63780 29562 20139 54980 28067
15323 54978 28067 10583 58777 29081
88257 64569 30060
77999
31313 40708 81819

TTBB 57188 /////
00986 11464 11980 09264 22867 00458 33723 10543 44631 16756
55560 24731 66559 24929 77554 24160 88551 23958 99495 29956
11435 35757 22271 61950 33257 64569 44255 63980 55248 62975
66232 63172 77203 54778 88185 53778 99178 55378 11170 53778
22146 55378 33125 52181 44116 53179 55100 58778
21212 11986 27006 22959 26510 33887 30014 44691 26033 55625
25530 66485 27029 77442 29044 88283 31559 99225 29071 11213
28069 22165 27565
31313 40708 81819
41414 /////
51515 77144 05957 28522 60094 20150 26033
