TTCC 57182 /////
70808 60580 28599 50017 57576 27610 30341 59977 28086 20593
65570 27603
88959 59977 28583 88565 62978 28607
66112 26665 415//
31313 40708 81819

TTDD 5718/ /////
11932 59778 22895 55580 33857 55378 44712 60977 55663 58777
66565 62978 77522 57381 88422 53580 99283 61575 11236 57974
22180 68770 33143 71567 44112 67579
21212 11907 28588 22864 29078 33759 29098 44754 29099 55668
28592 66550 28611 77360 27093 88302 28086 99276 27601 11241
28596 22221 28092 33160 27114 44127 26657 55112 26665
31313 40708 81819
