TTAA 60141 /////
99991 05659 11005 00126 ///// ///// 92760 02656 08505 85439
01957 27508 70952 12362 34507 50542 33742 29523 40694 45556
31034 30884 51173 32038 25002 54377 33042 20144 59373 32548
15325 58178 32570 10579 60778 31088
88202 59373 32547 88106 61577 31585
77999
31313 40708 81427

TTBB 60148 /////
00991 05659 11987 03857 22974 04858 33942 03857 44772 07756
55771 07756 66741 08561 77607 21365 88480 36130 99462 38345
11411 44349 22388 46358 33370 44970 44369 45170 55324 48775
66301 51172 77280 50976 88243 55375 99196 59574 11173 55978
22139 58576 33133 58579 44129 56779 55106 61577 66101 60578
21212 11991 11005 22831 27510 33797 30511 44758 30510 55749
31510 66644 28512 77529 30019 88431 29525 99421 29527 11383
32542 22368 32548 33317 31539 44225 34043 55216 33541 66180
31557 77151 32568 88102 31089
31313 40708 81427
41414 /////
51515 77166 07556 30510 60108 22365 28515

TTCC 60145 /////
70801 61174 32094 50008 65971 31108
88455 67372 30609
77409 30124 42405
31313 40708 81427

TTDD 6014/ /////
11736 59778 22619 64773 33575 62374 44411 68372 55332 67173
21212 11846 30092 22746 31587 33714 32093 44409 30124 55332
30124
31313 40708 81427
