TTAA 76111 /////
99973 03440 09002 00521 ///// ///// 92613 04443 32007 85299
02845 30523 70841 07532 28044 50539 21367 26556 40698 35965
26562 30892 51563 27079 25008 60159 27081 20147 56968 27570
15329 57971 27575 10583 58973 27575
88235 62557 26587
77999
31313 40708 81034

TTBB 76118 /////
00973 03440 11972 01420 22971 01409 33969 03828 44953 06456
55952 06456 66909 03232 77853 03045 88727 05920 99663 10150
11661 10149 22615 15311 33609 15913 44595 16722 55594 16724
66586 15160 77585 15160 88564 16957 99527 18575 11517 19174
22407 34962 33283 54759 44238 62157 55235 62557 66227 60962
77216 59764 88212 60164 99203 56567 11190 57971 22180 58369
33155 56770 44142 58770 55138 57571 66106 59972 77102 58574
21212 11973 09002 22912 33010 33897 34014 44808 28527 55725
28543 66635 28541 77589 26537 88565 25543 99528 26056 11326
27066 22287 27083 33236 26587 44197 27568 55174 27580 66168
28077
31313 40708 81034
41414 /////
51515 77040 01938 29036 60022 16324 27540

TTCC 76111 /////
70803 63371 27585 50009 65173 27100 30318 68372 28130 20558
71971 27649 10971 67174 28174
88778 65372 27079 88408 67773 27598
77098 28176 41211
31313 40708 81034

TTDD 7611/ /////
11776 65372 22677 61773 33534 66573 44451 64571 55408 67773
66362 66373 77237 72371 88222 69774 99184 73771 11143 70574
22126 65975 33101 67974 44093 58976 55073 59979 66068 52780
21212 11857 27074 22619 26589 33515 27103 44404 27598 55261
27643 66185 27646 77139 28169 88098 28176 99088 28160 11068
28672
31313 40708 81034
