PPAA 76118 /////
44385 30523 28044 26556 44340 26562 27079 27081 44320 27570
27575 27575
77999

PPBB 76118 /////
21212 00973 09002 11912 33010 22897 34014 33808 28527 44725
28543 55635 28541 66589 26537 77565 25543 88528 26056 99326
27066 11287 27083 22236 26587 33197 27568 44174 27580 55168
28077

PPCC 76118 /////
44370 27585 27100 28130 44220 27649 28174
77098 28176 41211

PPDD 76118 /////
21212 11857 27074 22619 26589 33515 27103 44404 27598 55261
27643 66185 27646 77139 28169 88098 28176 99088 28160 11068
28672
