TTCC 76111 /////
70803 63371 27585 50009 65173 27100 30318 68372 28130 20558
71971 27649 10971 67174 28174
88778 65372 27079 88408 67773 27598
77098 28176 41211
31313 40708 81034

TTDD 7611/ /////
11776 65372 22677 61773 33534 66573 44451 64571 55408 67773
66362 66373 77237 72371 88222 69774 99184 73771 11143 70574
22126 65975 33101 67974 44093 58976 55073 59979 66068 52780
21212 11857 27074 22619 26589 33515 27103 44404 27598 55261
27643 66185 27646 77139 28169 88098 28176 99088 28160 11068
28672
31313 40708 81034
