TTAA 52111 /////
99984 05256 25013 00075 ///// ///// 92721 02848 26526 85393
02726 27532 70898 13133 27554 50539 28938 27063 40694 41133
26566 30883 56736 26579 25996 64131 27079 20133 60558 26066
15310 63560 28078 10560 66760 25580
88224 66149 27074 88118 69560 27078
77999
31313 40708 81104

TTBB 52118 /////
00984 05256 11985 03649 22980 04847 33945 04250 44790 07319
55746 10523 66729 10734 77563 23150 88519 26936 99286 59338
11254 64334 22244 64130 33224 66149 44220 65956 55217 62557
66217 62557 77209 61157 88186 59959 99165 61960 11143 63560
22115 69560 33109 66161 44104 65360 55100 66760
21212 11984 25013 22972 24010 33881 28029 44773 26539 55699
27555 66674 27553 77543 26555 88451 27057 99358 26579 11229
26573 22220 27079 33215 26584 44206 26567 55191 26064 66187
26562 77158 27080 88150 28078
31313 40708 81104
41414 /////
51515 77117 08329 26539 60058 20341 26560
