TTCC 52111 /////
70779 61562 26590 50986 66963 27579 30282 72962 28116 20503
75165 27149 10889 67962 28172
88327 75365 28606
77105 28177 41430
31313 40708 81104

TTDD 5211/ /////
11950 67362 22944 62761 33936 62160 44774 64362 55736 61163
66632 60363 77452 69963 88399 68561 99373 71159 11335 74961
22326 75166 33295 72361 44271 73358 55253 75566 66233 76560
77219 77962 88205 75969 99189 74762 11173 68362 22158 68558
33141 70561 44130 65761 55105 69359 66087 63362 77075 61962
88068 54764 99056 57782 11054 50779
21212 11990 25579 22984 25580 33945 27091 44914 26597 55763
26597 66745 26093 77459 27571 88391 27599 99324 28606 11187
27153 22182 27659 33137 28158 44105 28177 55086 28644 66074
28672 77066 29657 88054 29160
31313 40708 81104
