PPAA 52118 /////
44385 27532 27554 27063 44340 26566 26579 27079 44320 26066
28078 25580
77999

PPBB 52118 /////
21212 00984 25013 11972 24010 22881 28029 33773 26539 44699
27555 55674 27553 66543 26555 77451 27057 88358 26579 99229
26573 11220 27079 22215 26584 33206 26567 44191 26064 55187
26562 66158 27080 77150 28078

PPCC 52118 /////
44370 26590 27579 28116 44220 27149 28172
77105 28177 41430

PPDD 52118 /////
21212 11990 25579 22984 25580 33945 27091 44914 26597 55763
26597 66745 26093 77459 27571 88391 27599 99324 28606 11187
27153 22182 27659 33137 28158 44105 28177 55086 28644 66074
28672 77066 29657 88054 29160
