TTAA 52111 /////
99984 05256 25013 00075 ///// ///// 92721 02848 26526 85393
02726 27532 70898 13133 27554 50539 28938 27063 40694 41133
26566 30883 56736 26579 25996 64131 27079 20133 60558 26066
15310 63560 28078 10560 66760 25580
88224 66149 27074 88118 69560 27078
77999
31313 40708 81104

TTBB 52118 /////
00984 05256 11985 03649 22980 04847 33945 04250 44790 07319
55746 10523 66729 10734 77563 23150 88519 26936 99286 59338
11254 64334 22244 64130 33224 66149 44220 65956 55217 62557
66217 62557 77209 61157 88186 59959 99165 61960 11143 63560
22115 69560 33109 66161 44104 65360 55100 66760
21212 11984 25013 22972 24010 33881 28029 44773 26539 55699
27555 66674 27553 77543 26555 88451 27057 99358 26579 11229
26573 22220 27079 33215 26584 44206 26567 55191 26064 66187
26562 77158 27080 88150 28078
31313 40708 81104
41414 /////
51515 77117 08329 26539 60058 20341 26560

TTCC 52111 /////
70779 61562 26590 50986 66963 27579 30282 72962 28116 20503
75165 27149 10889 67962 28172
88327 75365 28606
77105 28177 41430
31313 40708 81104

TTDD 5211/ /////
11950 67362 22944 62761 33936 62160 44774 64362 55736 61163
66632 60363 77452 69963 88399 68561 99373 71159 11335 74961
22326 75166 33295 72361 44271 73358 55253 75566 66233 76560
77219 77962 88205 75969 99189 74762 11173 68362 22158 68558
33141 70561 44130 65761 55105 69359 66087 63362 77075 61962
88068 54764 99056 57782 11054 50779
21212 11990 25579 22984 25580 33945 27091 44914 26597 55763
26597 66745 26093 77459 27571 88391 27599 99324 28606 11187
27153 22182 27659 33137 28158 44105 28177 55086 28644 66074
28672 77066 29657 88054 29160
31313 40708 81104
