TTAA 69111 /////
99974 01039 07001 00506 ///// ///// 92630 00533 27511 85296
04956 27028 70791 16349 24531 50522 35338 26015 40674 44957
28523 30858 60950 30026 25971 63162 27016 20106 65162 25542
15281 65565 26555 10523 67964 28081
88239 65563 27020 88114 69964 27068
77999
31313 40708 81127

TTBB 69118 /////
00974 01039 11975 03931 22974 03926 33972 00011 44972 00009
55942 00626 66872 03156 77871 03356 88731 13741 99625 21959
11563 28528 22460 39943 33392 45958 44390 45958 55335 55131
66299 61150 77291 62356 88289 62556 99281 61161 11276 60964
22266 61162 33236 65763 44220 63962 55196 65163 66172 62565
77114 69965 88104 67365
21212 11974 07001 22929 27510 33870 26527 44696 24532 55643
23526 66618 25025 77590 24019 88543 28010 99525 29512 11497
26015 22453 29021 33435 28529 44399 28523 55373 32511 66367
32011 77285 29033 88245 27016 99217 25043 11216 25043 22175
26039
31313 40708 81127
41414 /////
51515 77013 10347 25527 60934 24756 24521

TTCC 69111 /////
70732 70564 28600 50927 73965 28619 30220 73162 29646 20456
74565 29154 10848 64780 29685
88999
66071 29706 415//
31313 40708 81127

TTDD 6911/ /////
11775 73363 22714 69965 33469 73572 44461 74365 55324 71962
66217 73560 77196 75366 88191 72772 99176 69964 11148 71965
22132 68571 33112 69578 44086 58977 55079 59181 66075 54183
77071 55382
21212 11953 28089 22943 28588 33627 28608 44561 28601 55474
28622 66411 29113 77315 29651 88291 29643 99238 29159 11211
29147 22139 29677 33121 29670 44107 30188 55077 30188 66071
29706
31313 40708 81127
