PPAA 69118 /////
44385 27028 24531 26015 44340 28523 30026 27016 44320 25542
26555 28081
77999

PPBB 69118 /////
21212 00974 07001 11929 27510 22870 26527 33696 24532 44643
23526 55618 25025 66590 24019 77543 28010 88525 29512 99497
26015 11453 29021 22435 28529 33399 28523 44373 32511 55367
32011 66285 29033 77245 27016 88217 25043 99216 25043 11175
26039

PPCC 69118 /////
44370 28600 28619 29646 44220 29154 29685
66071 29706 415//

PPDD 69118 /////
21212 11953 28089 22943 28588 33627 28608 44561 28601 55474
28622 66411 29113 77315 29651 88291 29643 99238 29159 11211
29147 22139 29677 33121 29670 44107 30188 55077 30188 66071
29706
