TTAA 52101 /////
99977 05056 09005 00013 ///// ///// 92644 00456 29020 85316
04743 28527 70811 15558 27559 50525 36556 26561 40678 39979
25068 30870 50777 26545 25987 54572 28548 20130 54576 28564
15313 55576 28581 10568 58576 27591
88242 55572 28552 88126 59374 28085
77999
31313 40708 81014

TTBB 52108 /////
00977 05056 11976 02228 22975 02413 33972 03048 44971 03049
55918 00256 66917 00256 77779 10327 88778 10528 99730 13356
11727 12760 22727 12760 33511 35348 44492 37557 55454 39967
66428 36977 77414 38579 88260 54971 99216 55974 11210 53376
22169 58375 33158 54977 44151 55378 55126 59374 66113 56578
77101 58774
21212 11977 09005 22976 27014 33912 29521 44823 27532 55714
27560 66598 27054 77511 27060 88436 25074 99418 24568 11306
27044 22256 27546 33245 29049 44114 28095
31313 40708 81014
41414 /////
51515 77035 10541 27540 60953 25156 27054
