PPAA 52108 /////
44385 28527 27559 26561 44340 25068 26545 28548 44320 28564
28581 27591
77999

PPBB 52108 /////
21212 00977 09005 11976 27014 22912 29521 33823 27532 44714
27560 55598 27054 66511 27060 77436 25074 88418 24568 99306
27044 11256 27546 22245 29049 33114 28095

PPCC 52108 /////
44370 27578 28123 30123 44220 28142 27653
66089 27656 410//

PPDD 52108 /////
21212 11927 27089 22855 28587 33701 27578 44557 28119 55445
27619 66388 28619 77347 29139 88321 30121 99318 30121 11230
29144 22233 29135 33232 28628 44163 28142 55162 28143 66153
28633 77157 29121 88154 29615 99145 30112 11136 29613 22118
29124 33111 28645 44089 27656
