TTAA 52101 /////
99977 05056 09005 00013 ///// ///// 92644 00456 29020 85316
04743 28527 70811 15558 27559 50525 36556 26561 40678 39979
25068 30870 50777 26545 25987 54572 28548 20130 54576 28564
15313 55576 28581 10568 58576 27591
88242 55572 28552 88126 59374 28085
77999
31313 40708 81014

TTBB 52108 /////
00977 05056 11976 02228 22975 02413 33972 03048 44971 03049
55918 00256 66917 00256 77779 10327 88778 10528 99730 13356
11727 12760 22727 12760 33511 35348 44492 37557 55454 39967
66428 36977 77414 38579 88260 54971 99216 55974 11210 53376
22169 58375 33158 54977 44151 55378 55126 59374 66113 56578
77101 58774
21212 11977 09005 22976 27014 33912 29521 44823 27532 55714
27560 66598 27054 77511 27060 88436 25074 99418 24568 11306
27044 22256 27546 33245 29049 44114 28095
31313 40708 81014
41414 /////
51515 77035 10541 27540 60953 25156 27054

TTCC 52101 /////
70791 62574 27578 50001 61376 28123 30324 51783 30123 20581
55582 28142 10039 49981 27653
88712 63174 27579
66089 27656 410//
31313 40708 81014

TTDD 5210/ /////
11921 60375 22865 57178 33712 63174 44627 59376 55440 63775
66408 58780 77386 59777 88351 55780 99348 54379 11347 50782
22345 49184 33338 46984 44230 63374 55229 62778 66229 61378
77233 55982 88230 52983 99197 55982 11194 48384 22181 45385
33154 49176 44153 47383 55157 40386 66157 38987 77115 53970
88114 51777 99115 47579 11113 46585 22096 50781 33089 48583
21212 11927 27089 22855 28587 33701 27578 44557 28119 55445
27619 66388 28619 77347 29139 88321 30121 99318 30121 11230
29144 22233 29135 33232 28628 44163 28142 55162 28143 66153
28633 77157 29121 88154 29615 99145 30112 11136 29613 22118
29124 33111 28645 44089 27656
31313 40708 81014
