TTCC 52101 /////
70791 62574 27578 50001 61376 28123 30324 51783 30123 20581
55582 28142 10039 49981 27653
88712 63174 27579
66089 27656 410//
31313 40708 81014

TTDD 5210/ /////
11921 60375 22865 57178 33712 63174 44627 59376 55440 63775
66408 58780 77386 59777 88351 55780 99348 54379 11347 50782
22345 49184 33338 46984 44230 63374 55229 62778 66229 61378
77233 55982 88230 52983 99197 55982 11194 48384 22181 45385
33154 49176 44153 47383 55157 40386 66157 38987 77115 53970
88114 51777 99115 47579 11113 46585 22096 50781 33089 48583
21212 11927 27089 22855 28587 33701 27578 44557 28119 55445
27619 66388 28619 77347 29139 88321 30121 99318 30121 11230
29144 22233 29135 33232 28628 44163 28142 55162 28143 66153
28633 77157 29121 88154 29615 99145 30112 11136 29613 22118
29124 33111 28645 44089 27656
31313 40708 81014
