TTAA 58181 /////
99990 12265 27010 00118 ///// ///// 92762 05666 27019 85446
00162 28527 70964 09182 29045 50548 26385 29037 40705 39573
29543 30895 54759 28554 25010 63357 28562 20148 53383 28082
15334 52783 28580 10591 59578 29086
88241 64557 28563 88101 59774 29086
77999
31313 40708 81827

TTBB 58188 /////
00990 12265 11989 10665 22988 10065 33978 09264 44774 06758
55748 08960 66745 08572 77740 08965 88733 08585 99708 08783
11635 14382 22611 14784 33544 21593 44393 40974 55371 43961
66360 45778 77349 46964 88337 49106 99325 51112 11318 52313
22302 54359 33243 64156 44241 64557 55224 63580 66218 63380
77214 59781 88200 53383 99174 52783 11167 50984 22136 55980
33117 57180 44115 56178 55101 59774
21212 11990 27010 22941 26517 33869 29024 44767 30038 55733
30049 66666 28037 77573 29033 88412 30042 99380 29539 11209
27581 22203 28083 33119 29076 44109 29586
31313 40708 81827
41414 /////
51515 77175 06560 30036 60140 15984 28538

TTCC 58182 /////
70815 57977 28100 50030 49183 28090 30358 53983 28598 20617
54176 28111
88329 59776 29086
77154 28124 414//
31313 40708 81827

TTDD 5818/ /////
11673 59181 22634 54580 33551 53983 44503 48984 55484 51180
66440 49580 77329 59776 88318 55782 99294 53179 11228 57580
22215 53579 33179 57573 44134 54383
21212 11650 28105 22617 28119 33585 27612 44426 30083 55417
30085 66327 29086 77309 28600 88247 28594 99213 27608 11154
28124 22134 28608
31313 40708 81827
