PPAA 58188 /////
44385 28527 29045 29037 44340 29543 28554 28562 44320 28082
28580 29086
77999

PPBB 58188 /////
21212 00990 27010 11941 26517 22869 29024 33767 30038 44733
30049 55666 28037 66573 29033 77412 30042 88380 29539 99209
27581 11203 28083 22119 29076 33109 29586

PPCC 58188 /////
44370 28100 28090 28598 44120 28111
77154 28124 414//

PPDD 58188 /////
21212 11650 28105 22617 28119 33585 27612 44426 30083 55417
30085 66327 29086 77309 28600 88247 28594 99213 27608 11154
28124 22134 28608
