TTAA 60121 /////
99985 03056 21003 00082 ///// ///// 92718 03859 03007 85403
02261 33524 70947 06156 31035 50549 24946 34041 40707 36743
34048 30899 53727 32553 25013 64147 32058 20149 65340 30577
15316 81956 30087
88222 66347 31569
66148 30587 416//
31313 40708 81212

TTBB 60128 /////
00985 03056 11981 03458 22975 06862 33901 02858 44879 04262
55874 03862 66788 01756 77761 01958 88727 04948 99676 07557
11339 46324 22248 64748 33238 64550 44210 66335 55198 65542
66186 62546 77178 62745 88177 63750 99174 61959 11174 61959
22173 74358 33173 88557 44148 81356
21212 11985 21003 22915 01510 33905 36016 44905 36016 55882
34524 66768 31019 77746 30524 88689 31038 99577 34035 11453
34539 22258 32054 33182 29575 44148 30587
31313 40708 81212
41414 /////
51515 77143 01958 31019 60134 15142 33036

TTCC 6012/ /////
88999
77999
31313 40708 81212

TTDD 6012/ /////

31313 40708 81212
