PPAA 80118 /////
44385 28028 26532 23021 44340 22028 21527 21030 44320 24538
25043 25059
77999

PPBB 80118 /////
21212 00001 14004 11959 28510 22936 27018 33814 27538 44789
28033 55654 26528 66601 24020 77550 25515 88542 25014 99492
22024 11452 24037 22450 24037 33391 21524 44343 23019 55336
23021 66275 20530 77260 21033 88228 21024 99227 21524 11204
24535 22186 23538 33147 25546 44101 25059

PPCC 80118 /////
44370 26086 26084 26106 44220 26126 26659
77061 26163 41209

PPDD 80118 /////
21212 11767 26577 22688 26087 33636 25586 44503 26083 55166
26636 66144 27136 77115 26638 88101 26660 99073 26650 11061
26163 22048 26150
