TTAA 80111 /////
99001 00927 14004 00216 00518 12003 92856 02859 27522 85531
01358 28028 70060 07787 26532 50556 27772 23021 40713 37358
22028 30905 51959 21527 25021 61758 21030 20155 65160 24538
15331 60376 25043 10583 61978 25059
88215 68558 22530 88107 61977 25062
77999
31313 40708 81111

TTBB 80118 /////
00001 00927 11001 01921 22999 02618 33997 03222 44942 04659
55936 04059 66831 02757 77829 02757 88785 04764 99770 02982
11768 02983 22740 04788 33551 22970 44416 36972 55414 37172
66400 37358 77386 38358 88341 44956 99252 61558 11215 68558
22197 64561 33190 64965 44186 62367 55175 59770 66151 60774
77145 58579 88143 57777 99131 57778 11105 61979 22100 61778
21212 11001 14004 22959 28510 33936 27018 44814 27538 55789
28033 66654 26528 77601 24020 88550 25515 99542 25014 11492
22024 22452 24037 33450 24037 44391 21524 55343 23019 66336
23021 77275 20530 88260 21033 99228 21024 11227 21524 22204
24535 33186 23538 44147 25546 55101 25059
31313 40708 81111
41414 /////
51515 77261 03972 27535 60234 17974 24020

TTCC 80111 /////
70801 62780 26086 50004 65775 26084 30305 68773 26106 20534
71173 26126 10908 75764 26659
88389 66373 26595
77061 26163 41209
31313 40708 81111

TTDD 8011/ /////
11939 58780 22491 66179 33423 63575 44263 71577 55233 68775
66180 69774 77119 76366 88092 75777 99075 70173 11061 70773
22048 64974
21212 11767 26577 22688 26087 33636 25586 44503 26083 55166
26636 66144 27136 77115 26638 88101 26660 99073 26650 11061
26163 22048 26150
31313 40708 81111
