Dose,    0,  0,  0,  0,  0, 10,    0.0000000,     0.0000000,      0.00, 0, 0, 0, 0
Dose,    0,  0,  0,  0,  0, 20,    0.0000000,     0.0000000,      0.00, 0, 0, 0, 0
Dose,    0,  0,  0,  0,  0, 30,    0.0000000,     0.0000000,      0.00, 0, 0, 0, 0
Dose,    0,  0,  0,  0,  0, 40,    0.0000000,     0.0000000,      0.00, 0, 0, 0, 0
Dose,    0,  0,  0,  0,  0, 50,    0.0000000,     0.0000000,      0.00, 0, 0, 0, 0
Dose,    0,  0,  0,  0,  1,  0,    0.0000000,     0.0000000,      0.00, 0, 0, 0, 0
Dose,    0,  0,  0,  0,  1, 10,    0.0000000,     0.0000000,      0.00, 0, 0, 0, 0
Dose,    0,  0,  0,  0,  1, 20,    0.0000000,     0.0000000,      0.00, 0, 0, 0, 0
Dose,    0,  0,  0,  0,  1, 30,    0.0000000,     0.0000000,      0.00, 0, 0, 0, 0
Dose,    0,  0,  0,  0,  1, 40,    0.0000000,     0.0000000,      0.00, 0, 0, 0, 0
Dose,    0,  0,  0,  0,  1, 50,    0.0000000,     0.0000000,      0.00, 0, 0, 0, 0
Dose,    0,  0,  0,  0,  2,  0,    0.0000000,     0.0000000,      0.00, 0, 0, 0, 0
Dose,    0,  0,  0,  0,  2, 10,    0.0000000,     0.0000000,      0.00, 0, 0, 0, 0
Dose,    0,  0,  0,  0,  2, 20,    0.0000000,     0.0000000,      0.00, 0, 0, 0, 0
Dose,    0,  0,  0,  0,  2, 30,    0.0000000,     0.0000000,      0.00, 0, 0, 0, 0
Dose,    0,  0,  0,  0,  2, 40,    0.0000000,     0.0000000,      0.00, 0, 0, 0, 0
Dose,    0,  0,  0,  0,  2, 50,    0.0000000,     0.0000000,      0.00, 0, 0, 0, 0
Dose,    0,  0,  0,  0,  3,  0,    0.0000000,     0.0000000,      0.00, 0, 0, 0, 0
Dose,    0,  0,  0,  0,  3, 10,    0.0000000,     0.0000000,      0.00, 0, 0, 0, 0
Dose,    0,  0,  0,  0,  3, 20,    0.0000000,     0.0000000,      0.00, 0, 0, 0, 0
Dose,    0,  0,  0,  0,  3, 30,    0.0000000,     0.0000000,      0.00, 0, 0, 0, 0
Dose,    0,  0,  0,  0,  3, 40,    0.0000000,     0.0000000,      0.00, 0, 0, 0, 0
Dose, 2018,  8, 12, 21,  1, 50,    0.0000000,     0.0000000,      0.00, 0, 0, 0, 0
Dose, 2018,  8, 12, 21,  2,  0,    0.0000000,     0.0000000,      0.00, 0, 0, 0, 0
Dose, 2018,  8, 12, 21,  2, 10,    0.0000000,     0.0000000,      0.00, 0, 0, 0, 0
Dose, 2018,  8, 12, 21,  2, 20,    0.0000000,     0.0000000,      0.00, 0, 0, 0, 0
Dose, 2018,  8, 12, 21,  2, 30,    0.0000000,     0.0000000,      0.00, 0, 0, 0, 0
Dose, 2018,  8, 12, 21,  2, 40,    0.0000000,     0.0000000,      0.00, 0, 0, 0, 0
Dose, 2018,  8, 12, 21,  2, 50,    0.0000000,     0.0000000,      0.00, 0, 0, 0, 0
Dose, 2018,  8, 12, 21,  3,  0,    0.0000000,     0.0000000,      0.00, 0, 0, 0, 0
Dose, 2018,  8, 12, 21,  3, 10,    0.0000000,     0.0000000,      0.00, 0, 0, 0, 0
Dose, 2018,  8, 12, 21,  3, 20,    0.0000000,     0.0000000,      0.00, 0, 0, 0, 0
Dose, 2018,  8, 12, 21,  3, 30,    0.0000000,     0.0000000,      0.00, 0, 0, 0, 0
Dose, 2018,  8, 12, 21,  3, 40,    0.0000000,     0.0000000,      0.00, 0, 0, 0, 0
Dose, 2018,  8, 12, 21,  3, 50,    0.0000000,     0.0000000,      0.00, 0, 0, 0, 0
Dose, 2018,  8, 12, 21,  4,  0,    0.0000000,     0.0000000,      0.00, 0, 0, 0, 0
Dose, 2018,  8, 12, 21,  4, 10,    0.0000000,     0.0000000,      0.00, 0, 0, 0, 0
Dose, 2018,  8, 12, 21,  4, 20,    0.0000000,     0.0000000,      0.00, 0, 0, 0, 0
Dose, 2018,  8, 12, 21,  4, 30,    0.0000000,     0.0000000,      0.00, 0, 0, 0, 0
Dose, 2018,  8, 12, 21,  4, 40,    0.0000000,     0.0000000,      0.00, 0, 0, 0, 0
Dose, 2018,  8, 12, 21,  4, 50,    0.0000000,     0.0000000,      0.00, 0, 0, 0, 0
Dose, 2018,  8, 12, 21,  5,  0,    0.0000000,     0.0000000,      0.00, 0, 0, 0, 0
Dose, 2018,  8, 12, 21,  5, 10,    0.0000000,     0.0000000,      0.00, 0, 0, 0, 0
Dose, 2018,  8, 12, 21,  5, 20,    0.0000000,     0.0000000,      0.00, 0, 0, 0, 0
Dose, 2018,  8, 12, 21,  5, 30,    0.0000000,     0.0000000,      0.00, 0, 0, 0, 0
Dose, 2018,  8, 12, 21,  5, 40,    0.0000000,     0.0000000,      0.00, 0, 0, 0, 0
Dose, 2018,  8, 12, 21,  5, 50,    0.0000000,     0.0000000,      0.00, 0, 0, 0, 0
Dose, 2018,  8, 12, 21,  6,  0,    0.0000000,     0.0000000,      0.00, 0, 0, 0, 0
Dose, 2018,  8, 12, 21,  6, 10,    0.0000000,     0.0000000,      0.00, 0, 0, 0, 0
Dose, 2018,  8, 12, 21,  6, 20,    0.0000000,     0.0000000,      0.00, 0, 0, 0, 0
Dose, 2018,  8, 12, 21,  6, 30,    0.0000000,     0.0000000,      0.00, 0, 0, 0, 0
Dose, 2018,  8, 12, 21,  6, 40,    0.0000000,     0.0000000,      0.00, 0, 0, 0, 0
Dose, 2018,  8, 12, 21,  6, 50,    0.0000000,     0.0000000,      0.00, 0, 0, 0, 0
Dose, 2018,  8, 12, 21,  7,  0,    0.0000000,     0.0000000,      0.00, 0, 0, 0, 0
Dose, 2018,  8, 12, 21,  7, 10,    0.0000000,     0.0000000,      0.00, 0, 0, 0, 0
Dose, 2018,  8, 12, 21,  7, 20,    0.0000000,     0.0000000,      0.00, 0, 0, 0, 0
Dose, 2018,  8, 12, 21,  7, 30,    0.0000000,     0.0000000,      0.00, 0, 0, 0, 0
Dose, 2018,  8, 12, 21,  7, 40,    0.0000000,     0.0000000,      0.00, 0, 0, 0, 0
Dose, 2018,  8, 12, 21,  7, 50,    0.0000000,     0.0000000,      0.00, 0, 0, 0, 0
Dose, 2018,  8, 12, 21,  8,  0,    0.0000000,     0.0000000,      0.00, 0, 0, 0, 0
Dose, 2018,  8, 12, 21,  8, 10,    0.0000000,     0.0000000,      0.00, 0, 0, 0, 0
Dose, 2018,  8, 12, 21,  8, 20,    0.0000000,     0.0000000,      0.00, 0, 0, 0, 0
Dose, 2018,  8, 12, 21,  8, 30,    0.0000000,     0.0000000,      0.00, 0, 0, 0, 0
Dose, 2018,  8, 12, 21,  8, 40,    0.0000000,     0.0000000,      0.00, 0, 0, 0, 0
Dose, 2018,  8, 12, 21,  8, 50,    0.0000000,     0.0000000,      0.00, 0, 0, 0, 0
Dose, 2018,  8, 12, 21,  9,  0,    0.0000000,     0.0000000,      0.00, 0, 0, 0, 0
Dose, 2018,  8, 12, 21,  9, 10,    0.0000000,     0.0000000,      0.00, 0, 0, 0, 0
Dose, 2018,  8, 12, 21,  9, 20,    0.0000000,     0.0000000,      0.00, 0, 0, 0, 0
Dose, 2018,  8, 12, 21,  9, 30,    0.0000000,     0.0000000,      0.00, 0, 0, 0, 0
Dose, 2018,  8, 12, 21,  9, 40,    0.0000000,     0.0000000,      0.00, 0, 0, 0, 0
Dose, 2018,  8, 12, 21,  9, 50,    0.0000000,     0.0000000,      0.00, 0, 0, 0, 0
Dose, 2018,  8, 12, 21, 10,  0,    0.0000000,     0.0000000,      0.00, 0, 0, 0, 0
Dose, 2018,  8, 12, 21, 10, 10,    0.0000000,     0.0000000,      0.00, 1, 0, 0, 0
Dose, 2018,  8, 12, 21, 10, 20,    0.0000000,     0.0000000,      0.00, 1, 0, 0, 0
Dose, 2018,  8, 12, 21, 10, 30,    0.0000000,     0.0000000,      0.00, 1, 0, 0, 0
Dose, 2018,  8, 12, 21, 10, 40,    0.0000000,     0.0000000,      0.00, 1, 0, 0, 0
Dose, 2018,  8, 12, 21, 10, 50,    0.0000000,     0.0000000,      0.00, 1, 0, 0, 1
Dose, 2018,  8, 12, 21, 11,  0,    0.0000000,     0.0000000,      0.00, 1, 0, 0, 0
Dose, 2018,  8, 12, 21, 11, 10,    0.0000000,     0.0000000,      0.00, 2, 0, 0, 0
Dose, 2018,  8, 12, 21, 11, 20,    0.0000000,     0.0000000,      0.00, 2, 0, 0, 0
Dose, 2018,  8, 12, 21, 11, 30,    0.0000000,     0.0000000,      0.00, 3, 0, 0, 0
Dose, 2018,  8, 12, 21, 11, 40,    0.0000000,     0.0000000,      0.00, 4, 0, 0, 0
Dose, 2018,  8, 12, 21, 11, 50,    0.0000000,     0.0000000,      0.00, 3, 0, 0, 0
Dose, 2018,  8, 12, 21, 12,  0,    0.0000000,     0.0000000,      0.00, 4, 0, 0, 0
Dose, 2018,  8, 12, 21, 12, 10,    0.0000000,     0.0000000,      0.00, 5, 0, 0, 0
Dose, 2018,  8, 12, 21, 12, 20,    0.0000000,     0.0000000,      0.00, 5, 0, 0, 0
Dose, 2018,  8, 12, 21, 12, 30,    0.0000000,     0.0000000,      0.00, 5, 0, 0, 0
Dose, 2018,  8, 12, 21, 12, 40,    0.0000000,     0.0000000,      0.00, 5, 0, 0, 0
Dose, 2018,  8, 12, 21, 12, 50,    0.0000000,     0.0000000,      0.00, 5, 0, 0, 0
Dose, 2018,  8, 12, 21, 13,  0,    0.0000000,     0.0000000,      0.00, 6, 0, 0, 0
Dose, 2018,  8, 12, 21, 13, 10,    0.0000000,     0.0000000,      0.00, 6, 0, 0, 0
Dose, 2018,  8, 12, 21, 13, 20,    0.0000000,     0.0000000,      0.00, 9, 0, 0, 0
Dose, 2018,  8, 12, 21, 13, 30,    0.0000000,     0.0000000,      0.00, 9, 0, 0, 0
Dose, 2018,  8, 12, 21, 13, 40,    0.0000000,     0.0000000,      0.00, 9, 0, 0, 0
Dose, 2018,  8, 12, 21, 13, 50,    0.0000000,     0.0000000,      0.00, 9, 0, 0, 0
Dose, 2018,  8, 12, 21, 14,  0,    0.0000000,     0.0000000,      0.00, 9, 0, 0, 0
Dose, 2018,  8, 12, 21, 14, 10,    0.0000000,     0.0000000,      0.00, 9, 0, 0, 0
Dose, 2018,  8, 12, 21, 14, 20,    0.0000000,     0.0000000,      0.00, 10, 0, 0, 0
Dose, 2018,  8, 12, 21, 14, 30,    0.0000000,     0.0000000,      0.00, 10, 0, 0, 0
Dose, 2018,  8, 12, 21, 14, 40,    0.0000000,     0.0000000,      0.00, 10, 0, 0, 0
Dose, 2018,  8, 12, 21, 14, 50,    0.0000000,     0.0000000,      0.00, 10, 0, 0, 0
Dose, 2018,  8, 12, 21, 15,  0,    0.0000000,     0.0000000,      0.00, 10, 0, 0, 0
Dose, 2018,  8, 12, 21, 15, 10,    0.0000000,     0.0000000,      0.00, 10, 0, 0, 0
Dose, 2018,  8, 12, 21, 15, 20,    0.0000000,     0.0000000,      0.00, 10, 0, 0, 0
Dose, 2018,  8, 12, 21, 15, 30,    0.0000000,     0.0000000,      0.00, 10, 0, 0, 0
Dose, 2018,  8, 12, 21, 15, 40,    0.0000000,     0.0000000,      0.00, 10, 0, 0, 0
Dose, 2018,  8, 12, 21, 15, 50,    0.0000000,     0.0000000,      0.00, 11, 0, 0, 0
Dose, 2018,  8, 12, 21, 16,  0,    0.0000000,     0.0000000,      0.00, 11, 0, 0, 0
Dose, 2018,  8, 12, 21, 16, 10,    0.0000000,     0.0000000,      0.00, 11, 0, 0, 0
Dose, 2018,  8, 12, 21, 16, 20,    0.0000000,     0.0000000,      0.00, 11, 0, 0, 0
Dose, 2018,  8, 12, 21, 16, 30,    0.0000000,     0.0000000,      0.00, 11, 0, 0, 0
Dose, 2018,  8, 12, 21, 16, 40,    0.0000000,     0.0000000,      0.00, 11, 0, 0, 0
Dose, 2018,  8, 12, 21, 16, 50,    0.0000000,     0.0000000,      0.00, 11, 0, 0, 0
Dose, 2018,  8, 12, 21, 17,  0,    0.0000000,     0.0000000,      0.00, 11, 0, 0, 0
Dose, 2018,  8, 12, 21, 17, 10,    0.0000000,     0.0000000,      0.00, 11, 0, 0, 0
Dose, 2018,  8, 12, 21, 17, 20,    0.0000000,     0.0000000,      0.00, 16, 0, 0, 0
Dose, 2018,  8, 12, 21, 17, 30,    0.0000000,     0.0000000,      0.00, 16, 0, 0, 0
Dose, 2018,  8, 12, 21, 17, 40,    0.0000000,     0.0000000,      0.00, 16, 0, 0, 0
Dose, 2018,  8, 12, 21, 17, 50,    0.0000000,     0.0000000,      0.00, 16, 0, 0, 0
Dose, 2018,  8, 12, 21, 18,  0,    0.0000000,     0.0000000,      0.00, 16, 0, 0, 0
Dose, 2018,  8, 12, 21, 18, 10,    0.0000000,     0.0000000,      0.00, 17, 0, 0, 0
Dose, 2018,  8, 12, 21, 18, 20,    0.0000000,     0.0000000,      0.00, 17, 0, 0, 0
Dose, 2018,  8, 12, 21, 18, 30,    0.0000000,     0.0000000,      0.00, 19, 0, 0, 0
Dose, 2018,  8, 12, 21, 18, 40,    0.0000000,     0.0000000,      0.00, 19, 0, 0, 0
Dose, 2018,  8, 12, 21, 18, 50,    0.0000000,     0.0000000,      0.00, 19, 0, 0, 0
Dose, 2018,  8, 12, 21, 19,  0,    0.0000000,     0.0000000,      0.00, 19, 0, 0, 0
Dose, 2018,  8, 12, 21, 19, 10,    0.0000000,     0.0000000,      0.00, 19, 0, 0, 0
Dose, 2018,  8, 12, 21, 19, 20,    0.0000000,     0.0000000,      0.00, 19, 0, 0, 0
Dose, 2018,  8, 12, 21, 19, 30,    0.0000000,     0.0000000,      0.00, 19, 0, 0, 0
Dose, 2018,  8, 12, 21, 19, 40,    0.0000000,     0.0000000,      0.00, 19, 0, 0, 0
Dose, 2018,  8, 12, 21, 19, 50,    0.0000000,     0.0000000,      0.00, 20, 0, 0, 0
Dose, 2018,  8, 12, 21, 20,  0,    0.0000000,     0.0000000,      0.00, 20, 0, 0, 0
Dose, 2018,  8, 12, 21, 20, 10,    0.0000000,     0.0000000,      0.00, 20, 0, 0, 0
Dose, 2018,  8, 12, 21, 20, 20,    0.0000000,     0.0000000,      0.00, 20, 0, 0, 0
Dose, 2018,  8, 12, 21, 20, 30,    0.0000000,     0.0000000,      0.00, 20, 0, 0, 0
Dose, 2018,  8, 12, 21, 20, 40,    0.0000000,     0.0000000,      0.00, 20, 0, 0, 0
Dose, 2018,  8, 12, 21, 20, 50,    0.0000000,     0.0000000,      0.00, 20, 0, 0, 0
Dose, 2018,  8, 12, 21, 21,  0,    0.0000000,     0.0000000,      0.00, 20, 0, 0, 0
Dose, 2018,  8, 12, 21, 21, 10,    0.0000000,     0.0000000,      0.00, 20, 0, 0, 0
Dose, 2018,  8, 12, 21, 21, 20,    0.0000000,     0.0000000,      0.00, 20, 0, 0, 0
Dose, 2018,  8, 12, 21, 21, 30,    0.0000000,     0.0000000,      0.00, 20, 0, 0, 0
Dose, 2018,  8, 12, 21, 21, 40,    0.0000000,     0.0000000,      0.00, 20, 0, 0, 0
Dose, 2018,  8, 12, 21, 21, 50,    0.0000000,     0.0000000,      0.00, 21, 0, 0, 0
Dose, 2018,  8, 12, 21, 22,  0,    0.0000000,     0.0000000,      0.00, 21, 0, 0, 0
Dose, 2018,  8, 12, 21, 22, 10,    0.0000000,     0.0000000,      0.00, 21, 0, 0, 0
Dose, 2018,  8, 12, 21, 22, 20,    0.0000000,     0.0000000,      0.00, 21, 0, 0, 0
Dose, 2018,  8, 12, 21, 22, 30,    0.0000000,     0.0000000,      0.00, 21, 0, 0, 0
Dose, 2018,  8, 12, 21, 22, 40,    0.0000000,     0.0000000,      0.00, 21, 0, 0, 0
Dose, 2018,  8, 12, 21, 22, 50,    0.0000000,     0.0000000,      0.00, 21, 0, 0, 0
Dose, 2018,  8, 12, 21, 23,  0,    0.0000000,     0.0000000,      0.00, 21, 0, 0, 0
Dose, 2018,  8, 12, 21, 23, 10,    0.0000000,     0.0000000,      0.00, 21, 0, 0, 0
Dose, 2018,  8, 12, 21, 23, 20,    0.0000000,     0.0000000,      0.00, 21, 0, 0, 0
Dose, 2018,  8, 12, 21, 23, 30,    0.0000000,     0.0000000,      0.00, 21, 0, 0, 0
Dose, 2018,  8, 12, 21, 23, 40,    0.0000000,     0.0000000,      0.00, 21, 0, 0, 0
Dose, 2018,  8, 12, 21, 23, 50,    0.0000000,     0.0000000,      0.00, 21, 0, 0, 0
Dose, 2018,  8, 12, 21, 24,  0,    0.0000000,     0.0000000,      0.00, 21, 0, 0, 0
Dose, 2018,  8, 12, 21, 24, 10,    0.0000000,     0.0000000,      0.00, 21, 0, 0, 0
Dose, 2018,  8, 12, 21, 24, 20,    0.0000000,     0.0000000,      0.00, 21, 0, 0, 0
Dose, 2018,  8, 12, 21, 24, 30,    0.0000000,     0.0000000,      0.00, 21, 0, 0, 0
Dose, 2018,  8, 12, 21, 24, 40,    0.0000000,     0.0000000,      0.00, 21, 0, 0, 0
Dose, 2018,  8, 12, 21, 24, 50,    0.0000000,     0.0000000,      0.00, 21, 0, 0, 0
Dose, 2018,  8, 12, 21, 25,  0,    0.0000000,     0.0000000,      0.00, 21, 0, 0, 0
Dose, 2018,  8, 12, 21, 25, 10,    0.0000000,     0.0000000,      0.00, 21, 0, 0, 0
Dose, 2018,  8, 12, 21, 25, 20,    0.0000000,     0.0000000,      0.00, 21, 0, 0, 0
Dose, 2018,  8, 12, 21, 25, 30,    0.0000000,     0.0000000,      0.00, 21, 0, 0, 0
Dose, 2018,  8, 12, 21, 25, 40,    0.0000000,     0.0000000,      0.00, 21, 0, 0, 0
Dose, 2018,  8, 12, 21, 25, 50,    0.0000000,     0.0000000,      0.00, 21, 0, 0, 0
Dose, 2018,  8, 12, 21, 26,  0,    0.0000000,     0.0000000,      0.00, 21, 0, 0, 0
Dose, 2018,  8, 12, 21, 26, 10,    0.0000000,     0.0000000,      0.00, 21, 0, 0, 0
Dose, 2018,  8, 12, 21, 26, 20,    0.0000000,     0.0000000,      0.00, 21, 0, 0, 0
Dose, 2018,  8, 12, 21, 26, 30,    0.0000000,     0.0000000,      0.00, 21, 0, 0, 0
Dose, 2018,  8, 12, 21, 26, 40,    0.0000000,     0.0000000,      0.00, 21, 0, 0, 0
Dose, 2018,  8, 12, 21, 26, 50,    0.0000000,     0.0000000,      0.00, 21, 0, 0, 0
Dose, 2018,  8, 12, 21, 27,  0,    0.0000000,     0.0000000,      0.00, 21, 0, 0, 0
Dose, 2018,  8, 12, 21, 27, 10,    0.0000000,     0.0000000,      0.00, 21, 0, 2, 0
Dose, 2018,  8, 12, 21, 27, 20,    0.0000000,     0.0000000,      0.00, 21, 0, 0, 0
Dose, 2018,  8, 12, 21, 27, 30,    0.0000000,     0.0000000,      0.00, 21, 0, 0, 0
Dose, 2018,  8, 12, 21, 27, 40,    0.0000000,     0.0000000,      0.00, 21, 0, 0, 0
Dose, 2018,  8, 12, 21, 27, 50,    0.0000000,     0.0000000,      0.00, 21, 0, 0, 0
Dose, 2018,  8, 12, 21, 28,  0,    0.0000000,     0.0000000,      0.00, 21, 0, 0, 0
Dose, 2018,  8, 12, 21, 28, 10,    0.0000000,     0.0000000,      0.00, 21, 0, 0, 0
Dose, 2018,  8, 12, 21, 28, 20,    0.0000000,     0.0000000,      0.00, 21, 0, 0, 0
Dose, 2018,  8, 12, 21, 28, 30,    0.0000000,     0.0000000,      0.00, 57, 0, 0, 0
Dose, 2018,  8, 12, 21, 28, 40,    0.0000000,     0.0000000,      0.00, 72, 0, 0, 0
Dose, 2018,  8, 12, 21, 28, 50,    0.0000000,     0.0000000,      0.00, 76, 0, 0, 0
Dose, 2018,  8, 12, 21, 29,  0,    0.0000000,     0.0000000,      0.00, 93, 0, 0, 0
Dose, 2018,  8, 12, 21, 29, 10,    0.0000000,     0.0000000,      0.00, 94, 0, 0, 0
Dose, 2018,  8, 12, 21, 29, 20,    0.0000000,     0.0000000,      0.00, 139, 0, 0, 0
Dose, 2018,  8, 12, 21, 29, 30,    0.0000000,     0.0000000,      0.00, 142, 0, 0, 0
Dose, 2018,  8, 12, 21, 29, 40,    0.0000000,     0.0000000,      0.00, 143, 0, 0, 0
Dose, 2018,  8, 12, 21, 29, 50,    0.0000000,     0.0000000,      0.00, 144, 0, 0, 0
Dose, 2018,  8, 12, 21, 30,  0,    0.0000000,     0.0000000,      0.00, 146, 0, 0, 0
Dose, 2018,  8, 12, 21, 30, 10,    0.0000000,     0.0000000,      0.00, 146, 0, 0, 0
Dose, 2018,  8, 12, 21, 30, 20,    0.0000000,     0.0000000,      0.00, 147, 0, 0, 0
Dose, 2018,  8, 12, 21, 30, 30,    0.0000000,     0.0000000,      0.00, 150, 0, 0, 0
Dose, 2018,  8, 12, 21, 30, 40,    0.0000000,     0.0000000,      0.00, 151, 0, 0, 0
Dose, 2018,  8, 12, 21, 30, 50,    0.0000000,     0.0000000,      0.00, 36, 1, 0, 0
Dose, 2018,  8, 12, 21, 31,  0,    0.0000000,     0.0000000,      0.00, 37, 1, 0, 0
Dose, 2018,  8, 12, 21, 31, 10,    0.0000000,     0.0000000,      0.00, 37, 1, 0, 0
Dose, 2018,  8, 12, 21, 31, 20,    0.0000000,     0.0000000,      0.00, 38, 1, 0, 0
Dose, 2018,  8, 12, 21, 31, 30,    0.0000000,     0.0000000,      0.00, 39, 1, 0, 0
Dose, 2018,  8, 12, 21, 31, 40,    0.0000000,     0.0000000,      0.00, 40, 1, 0, 0
Dose, 2018,  8, 12, 21, 31, 50,    0.0000000,     0.0000000,      0.00, 40, 1, 0, 0
Dose, 2018,  8, 12, 21, 32,  0,    0.0000000,     0.0000000,      0.00, 41, 1, 0, 0
Dose, 2018,  8, 12, 21, 32, 10,    0.0000000,     0.0000000,      0.00, 41, 1, 0, 0
Dose, 2018,  8, 12, 21, 32, 20,    0.0000000,     0.0000000,      0.00, 42, 1, 0, 0
Dose, 2018,  8, 12, 21, 32, 30,    0.0000000,     0.0000000,      0.00, 44, 1, 0, 0
Dose, 2018,  8, 12, 21, 32, 40,    0.0000000,     0.0000000,      0.00, 51, 1, 0, 0
Dose, 2018,  8, 12, 21, 32, 50,    0.0000000,     0.0000000,      0.00, 56, 1, 0, 0
Dose, 2018,  8, 12, 21, 33,  0,    0.0000000,     0.0000000,      0.00, 56, 1, 0, 0
Dose, 2018,  8, 12, 21, 33, 10,    0.0000000,     0.0000000,      0.00, 57, 1, 0, 0
Dose, 2018,  8, 12, 21, 33, 20,    0.0000000,     0.0000000,      0.00, 57, 1, 0, 0
Dose, 2018,  8, 12, 21, 33, 30,    0.0000000,     0.0000000,      0.00, 58, 1, 0, 0
Dose, 2018,  8, 12, 21, 33, 40,    0.0000000,     0.0000000,      0.00, 58, 1, 0, 0
Dose, 2018,  8, 12, 21, 33, 50,    0.0000000,     0.0000000,      0.00, 60, 1, 0, 0
Dose, 2018,  8, 12, 21, 34,  0,    0.0000000,     0.0000000,      0.00, 59, 1, 0, 0
Dose, 2018,  8, 12, 21, 34, 10,    0.0000000,     0.0000000,      0.00, 59, 0, 0, 0
Dose, 2018,  8, 12, 21, 34, 20,    0.0000000,     0.0000000,      0.00, 59, 0, 0, 0
Dose, 2018,  8, 12, 21, 34, 30,    0.0000000,     0.0000000,      0.00, 59, 1, 0, 0
Dose, 2018,  8, 12, 21, 34, 40,    0.0000000,     0.0000000,      0.00, 59, 1, 0, 0
Dose, 2018,  8, 12, 21, 34, 50,    0.0000000,     0.0000000,      0.00, 59, 1, 0, 0
Dose, 2018,  8, 12, 21, 35,  0,    0.0000000,     0.0000000,      0.00, 60, 1, 0, 0
Dose, 2018,  8, 12, 21, 35, 10,    0.0000000,     0.0000000,      0.00, 60, 1, 0, 0
Dose, 2018,  8, 12, 21, 35, 20,    0.0000000,     0.0000000,      0.00, 60, 1, 0, 0
Dose, 2018,  8, 12, 21, 35, 30,    0.0000000,     0.0000000,      0.00, 60, 1, 0, 0
Dose, 2018,  8, 12, 21, 35, 40,    0.0000000,     0.0000000,      0.00, 60, 1, 0, 0
Dose, 2018,  8, 12, 21, 35, 50,    0.0000000,     0.0000000,      0.00, 61, 0, 0, 0
Dose, 2018,  8, 12, 21, 36,  0,    0.0000000,     0.0000000,      0.00, 61, 1, 0, 0
Dose, 2018,  8, 12, 21, 36, 10,    0.0000000,     0.0000000,      0.00, 63, 1, 0, 0
Dose, 2018,  8, 12, 21, 36, 20,    0.0000000,     0.0000000,      0.00, 62, 0, 0, 0
Dose, 2018,  8, 12, 21, 36, 30,    0.0000000,     0.0000000,      0.00, 62, 1, 0, 0
Dose, 2018,  8, 12, 21, 36, 40,    0.0000000,     0.0000000,      0.00, 64, 1, 0, 0
Dose, 2018,  8, 12, 21, 36, 50,    0.0000000,     0.0000000,      0.00, 63, 0, 0, 0
Dose, 2018,  8, 12, 21, 37,  0,    0.0000000,     0.0000000,      0.00, 64, 1, 0, 0
Dose, 2018,  8, 12, 21, 37, 10,    0.0000000,     0.0000000,      0.00, 65, 1, 0, 0
Dose, 2018,  8, 12, 21, 37, 20,    0.0000000,     0.0000000,      0.00, 64, 1, 0, 0
Dose, 2018,  8, 12, 21, 37, 30,    0.0000000,     0.0000000,      0.00, 66, 1, 0, 0
Dose, 2018,  8, 12, 21, 37, 40,    0.0000000,     0.0000000,      0.00, 66, 1, 0, 0
Dose, 2018,  8, 12, 21, 37, 50,    0.0000000,     0.0000000,      0.00, 66, 1, 0, 0
Dose, 2018,  8, 12, 21, 38,  0,    0.0000000,     0.0000000,      0.00, 66, 1, 0, 0
Dose, 2018,  8, 12, 21, 38, 10,    0.0000000,     0.0000000,      0.00, 67, 0, 0, 0
Dose, 2018,  8, 12, 21, 38, 20,    0.0000000,     0.0000000,      0.00, 67, 1, 0, 0
Dose, 2018,  8, 12, 21, 38, 30,    0.0000000,     0.0000000,      0.00, 68, 1, 0, 0
Dose, 2018,  8, 12, 21, 38, 40,    0.0000000,     0.0000000,      0.00, 68, 1, 0, 0
Dose, 2018,  8, 12, 21, 38, 50,    0.0000000,     0.0000000,      0.00, 68, 1, 0, 0
Dose, 2018,  8, 12, 21, 39,  0,    0.0000000,     0.0000000,      0.00, 69, 0, 0, 0
Dose, 2018,  8, 12, 21, 39, 10,    0.0000000,     0.0000000,      0.00, 68, 1, 0, 0
Dose, 2018,  8, 12, 21, 39, 20,    0.0000000,     0.0000000,      0.00, 70, 1, 0, 0
Dose, 2018,  8, 12, 21, 39, 30,    0.0000000,     0.0000000,      0.00, 70, 0, 0, 0
Dose, 2018,  8, 12, 21, 39, 40,    0.0000000,     0.0000000,      0.00, 71, 1, 0, 0
Dose, 2018,  8, 12, 21, 39, 50,    0.0000000,     0.0000000,      0.00, 72, 1, 0, 0
Dose, 2018,  8, 12, 21, 40,  0,    0.0000000,     0.0000000,      0.00, 71, 1, 0, 0
Dose, 2018,  8, 12, 21, 40, 10,    0.0000000,     0.0000000,      0.00, 73, 1, 0, 0
Dose, 2018,  8, 12, 21, 40, 20,    0.0000000,     0.0000000,      0.00, 73, 0, 0, 0
Dose, 2018,  8, 12, 21, 40, 30,    0.0000000,     0.0000000,      0.00, 74, 0, 0, 0
Dose, 2018,  8, 12, 21, 40, 40,    0.0000000,     0.0000000,      0.00, 74, 1, 0, 0
Dose, 2018,  8, 12, 21, 40, 50,    0.0000000,     0.0000000,      0.00, 75, 1, 0, 0
Dose, 2018,  8, 12, 21, 41,  0,    0.0000000,     0.0000000,      0.00, 75, 1, 0, 0
Dose, 2018,  8, 12, 21, 41, 10,    0.0000000,     0.0000000,      0.00, 75, 1, 0, 0
Dose, 2018,  8, 12, 21, 41, 20,    0.0000000,     0.0000000,      0.00, 76, 1, 0, 0
Dose, 2018,  8, 12, 21, 41, 30,    0.0000000,     0.0000000,      0.00, 77, 0, 0, 0
Dose, 2018,  8, 12, 21, 41, 40,    0.0000000,     0.0000000,      0.00, 77, 1, 0, 0
Dose, 2018,  8, 12, 21, 41, 50,    0.0000000,     0.0000000,      0.00, 77, 1, 0, 0
Dose, 2018,  8, 12, 21, 42,  0,    0.0000000,     0.0000000,      0.00, 77, 1, 0, 0
Dose, 2018,  8, 12, 21, 42, 10,    0.0000000,     0.0000000,      0.00, 77, 1, 0, 0
Dose, 2018,  8, 12, 21, 42, 20,    0.0000000,     0.0000000,      0.00, 78, 1, 0, 0
Dose, 2018,  8, 12, 21, 42, 30,    0.0000000,     0.0000000,      0.00, 78, 1, 0, 0
Dose, 2018,  8, 12, 21, 42, 40,    0.0000000,     0.0000000,      0.00, 79, 1, 0, 0
Dose, 2018,  8, 12, 21, 42, 50,    0.0000000,     0.0000000,      0.00, 79, 1, 0, 0
Dose, 2018,  8, 12, 21, 43,  0,    0.0000000,     0.0000000,      0.00, 79, 1, 0, 0
Dose, 2018,  8, 12, 21, 43, 10,    0.0000000,     0.0000000,      0.00, 79, 1, 0, 0
Dose, 2018,  8, 12, 21, 43, 20,    0.0000000,     0.0000000,      0.00, 79, 1, 0, 0
Dose, 2018,  8, 12, 21, 43, 30,    0.0000000,     0.0000000,      0.00, 79, 1, 0, 0
Dose, 2018,  8, 12, 21, 43, 40,    0.0000000,     0.0000000,      0.00, 79, 0, 0, 0
Dose, 2018,  8, 12, 21, 43, 50,    0.0000000,     0.0000000,      0.00, 79, 0, 0, 0
Dose, 2018,  8, 12, 21, 44,  0,    0.0000000,     0.0000000,      0.00, 79, 1, 0, 0
Dose, 2018,  8, 12, 21, 44, 10,    0.0000000,     0.0000000,      0.00, 79, 1, 0, 0
Dose, 2018,  8, 12, 21, 44, 20,    0.0000000,     0.0000000,      0.00, 79, 1, 0, 0
Dose, 2018,  8, 12, 21, 44, 30,    0.0000000,     0.0000000,      0.00, 79, 1, 0, 0
Dose, 2018,  8, 12, 21, 44, 40,    0.0000000,     0.0000000,      0.00, 79, 1, 0, 0
Dose, 2018,  8, 12, 21, 44, 50,    0.0000000,     0.0000000,      0.00, 79, 1, 0, 0
Dose, 2018,  8, 12, 21, 45,  0,    0.0000000,     0.0000000,      0.00, 79, 0, 0, 0
Dose, 2018,  8, 12, 21, 45, 10,    0.0000000,     0.0000000,      0.00, 79, 1, 0, 0
Dose, 2018,  8, 12, 21, 45, 20,    0.0000000,     0.0000000,      0.00, 79, 1, 0, 0
Dose, 2018,  8, 12, 21, 45, 30,    0.0000000,     0.0000000,      0.00, 79, 0, 0, 0
Dose, 2018,  8, 12, 21, 45, 40,    0.0000000,     0.0000000,      0.00, 79, 1, 0, 0
Dose, 2018,  8, 12, 21, 45, 50,    0.0000000,     0.0000000,      0.00, 79, 1, 0, 0
Dose, 2018,  8, 12, 21, 46,  0,    0.0000000,     0.0000000,      0.00, 79, 1, 0, 0
Dose, 2018,  8, 12, 21, 46, 10,    0.0000000,     0.0000000,      0.00, 79, 0, 0, 0
Dose, 2018,  8, 12, 21, 46, 20,    0.0000000,     0.0000000,      0.00, 79, 0, 0, 0
Dose, 2018,  8, 12, 21, 46, 30,    0.0000000,     0.0000000,      0.00, 79, 1, 0, 0
Dose, 2018,  8, 12, 21, 46, 40,    0.0000000,     0.0000000,      0.00, 78, 1, 0, 0
Dose, 2018,  8, 12, 21, 46, 50,    0.0000000,     0.0000000,      0.00, 79, 1, 0, 0
Dose, 2018,  8, 12, 21, 47,  0,    0.0000000,     0.0000000,      0.00, 79, 1, 0, 0
Dose, 2018,  8, 12, 21, 47, 10,    0.0000000,     0.0000000,      0.00, 79, 1, 0, 0
Dose, 2018,  8, 12, 21, 47, 20,    0.0000000,     0.0000000,      0.00, 80, 0, 0, 0
Dose, 2018,  8, 12, 21, 47, 30,    0.0000000,     0.0000000,      0.00, 80, 0, 0, 0
Dose, 2018,  8, 12, 21, 47, 40,    0.0000000,     0.0000000,      0.00, 80, 1, 0, 0
Dose, 2018,  8, 12, 21, 47, 50,    0.0000000,     0.0000000,      0.00, 80, 1, 0, 0
Dose, 2018,  8, 12, 21, 48,  0,    0.0000000,     0.0000000,      0.00, 81, 1, 0, 0
Dose, 2018,  8, 12, 21, 48, 10,    0.0000000,     0.0000000,      0.00, 81, 1, 0, 0
Dose, 2018,  8, 12, 21, 48, 20,    0.0000000,     0.0000000,      0.00, 81, 1, 0, 0
Dose, 2018,  8, 12, 21, 48, 30,    0.0000000,     0.0000000,      0.00, 81, 1, 0, 0
Dose, 2018,  8, 12, 21, 48, 40,    0.0000000,     0.0000000,      0.00, 81, 0, 0, 0
Dose, 2018,  8, 12, 21, 48, 50,    0.0000000,     0.0000000,      0.00, 82, 1, 0, 0
Dose, 2018,  8, 12, 21, 49,  0,    0.0000000,     0.0000000,      0.00, 83, 0, 0, 0
Dose, 2018,  8, 12, 21, 49, 10,    0.0000000,     0.0000000,      0.00, 84, 1, 0, 0
Dose, 2018,  8, 12, 21, 49, 20,    0.0000000,     0.0000000,      0.00, 85, 0, 0, 0
Dose, 2018,  8, 12, 21, 49, 30,    0.0000000,     0.0000000,      0.00, 86, 1, 0, 0
Dose, 2018,  8, 12, 21, 49, 40,    0.0000000,     0.0000000,      0.00, 87, 1, 0, 0
Dose, 2018,  8, 12, 21, 49, 50,    0.0000000,     0.0000000,      0.00, 87, 1, 0, 0
Dose, 2018,  8, 12, 21, 50,  0,    0.0000000,     0.0000000,      0.00, 88, 1, 0, 0
Dose, 2018,  8, 12, 21, 50, 10,    0.0000000,     0.0000000,      0.00, 88, 1, 0, 0
Dose, 2018,  8, 12, 21, 50, 20,    0.0000000,     0.0000000,      0.00, 88, 1, 0, 0
Dose, 2018,  8, 12, 21, 50, 30,    0.0000000,     0.0000000,      0.00, 89, 0, 0, 0
Dose, 2018,  8, 12, 21, 50, 40,    0.0000000,     0.0000000,      0.00, 89, 1, 0, 0
Dose, 2018,  8, 12, 21, 50, 50,    0.0000000,     0.0000000,      0.00, 90, 1, 0, 0
Dose, 2018,  8, 12, 21, 51,  0,    0.0000000,     0.0000000,      0.00, 90, 1, 0, 0
Dose, 2018,  8, 12, 21, 51, 10,    0.0000000,     0.0000000,      0.00, 91, 1, 0, 0
Dose, 2018,  8, 12, 21, 51, 20,    0.0000000,     0.0000000,      0.00, 91, 1, 0, 0
Dose, 2018,  8, 12, 21, 51, 30,    0.0000000,     0.0000000,      0.00, 91, 0, 0, 0
Dose, 2018,  8, 12, 21, 51, 40,    0.0000000,     0.0000000,      0.00, 91, 1, 0, 0
Dose, 2018,  8, 12, 21, 51, 50,    0.0000000,     0.0000000,      0.00, 91, 1, 0, 0
Dose, 2018,  8, 12, 21, 52,  0,    0.0000000,     0.0000000,      0.00, 91, 1, 0, 0
Dose, 2018,  8, 12, 21, 52, 10,    0.0000000,     0.0000000,      0.00, 91, 0, 0, 0
Dose, 2018,  8, 12, 21, 52, 20,    0.0000000,     0.0000000,      0.00, 91, 1, 0, 0
Dose, 2018,  8, 12, 21, 52, 30,    0.0000000,     0.0000000,      0.00, 91, 1, 0, 0
Dose, 2018,  8, 12, 21, 52, 40,    0.0000000,     0.0000000,      0.00, 91, 1, 0, 0
Dose, 2018,  8, 12, 21, 52, 50,    0.0000000,     0.0000000,      0.00, 91, 1, 0, 0
Dose, 2018,  8, 12, 21, 53,  0,    0.0000000,     0.0000000,      0.00, 91, 1, 0, 0
Dose, 2018,  8, 12, 21, 53, 10,    0.0000000,     0.0000000,      0.00, 91, 1, 0, 0
Dose, 2018,  8, 12, 21, 53, 20,    0.0000000,     0.0000000,      0.00, 91, 1, 0, 0
Dose, 2018,  8, 12, 21, 53, 30,    0.0000000,     0.0000000,      0.00, 92, 1, 0, 0
Dose, 2018,  8, 12, 21, 53, 40,    0.0000000,     0.0000000,      0.00, 92, 1, 0, 0
Dose, 2018,  8, 12, 21, 53, 50,    0.0000000,     0.0000000,      0.00, 92, 1, 0, 0
Dose, 2018,  8, 12, 21, 54,  0,    0.0000000,     0.0000000,      0.00, 92, 1, 0, 0
Dose, 2018,  8, 12, 21, 54, 10,    0.0000000,     0.0000000,      0.00, 92, 1, 0, 0
Dose, 2018,  8, 12, 21, 54, 20,    0.0000000,     0.0000000,      0.00, 92, 1, 0, 0
Dose, 2018,  8, 12, 21, 54, 30,    0.0000000,     0.0000000,      0.00, 92, 1, 0, 0
Dose, 2018,  8, 12, 21, 54, 40,    0.0000000,     0.0000000,      0.00, 92, 1, 0, 0
Dose, 2018,  8, 12, 21, 54, 50,    0.0000000,     0.0000000,      0.00, 92, 0, 0, 0
Dose, 2018,  8, 12, 21, 55,  0,    0.0000000,     0.0000000,      0.00, 92, 1, 0, 0
Dose, 2018,  8, 12, 21, 55, 10,    0.0000000,     0.0000000,      0.00, 92, 1, 0, 0
Dose, 2018,  8, 12, 21, 55, 20,    0.0000000,     0.0000000,      0.00, 92, 1, 0, 0
Dose, 2018,  8, 12, 21, 55, 30,    0.0000000,     0.0000000,      0.00, 92, 0, 0, 0
Dose, 2018,  8, 12, 21, 55, 40,    0.0000000,     0.0000000,      0.00, 92, 1, 0, 0
Dose, 2018,  8, 12, 21, 55, 50,    0.0000000,     0.0000000,      0.00, 92, 1, 0, 0
Dose, 2018,  8, 12, 21, 56,  0,    0.0000000,     0.0000000,      0.00, 92, 1, 0, 0
Dose, 2018,  8, 12, 21, 56, 10,    0.0000000,     0.0000000,      0.00, 92, 1, 0, 0
Dose, 2018,  8, 12, 21, 56, 20,    0.0000000,     0.0000000,      0.00, 92, 0, 0, 0
Dose, 2018,  8, 12, 21, 56, 30,    0.0000000,     0.0000000,      0.00, 92, 1, 0, 0
Dose, 2018,  8, 12, 21, 56, 40,    0.0000000,     0.0000000,      0.00, 92, 1, 0, 0
Dose, 2018,  8, 12, 21, 56, 50,    0.0000000,     0.0000000,      0.00, 92, 0, 0, 0
Dose, 2018,  8, 12, 21, 57,  0,    0.0000000,     0.0000000,      0.00, 92, 1, 0, 0
Dose, 2018,  8, 12, 21, 57, 10,    0.0000000,     0.0000000,      0.00, 92, 1, 0, 0
Dose, 2018,  8, 12, 21, 57, 20,    0.0000000,     0.0000000,      0.00, 92, 1, 0, 0
Dose, 2018,  8, 12, 21, 57, 30,    0.0000000,     0.0000000,      0.00, 92, 1, 0, 0
Dose, 2018,  8, 12, 21, 57, 40,    0.0000000,     0.0000000,      0.00, 92, 1, 0, 0
Dose, 2018,  8, 12, 21, 57, 50,    0.0000000,     0.0000000,      0.00, 92, 1, 0, 0
Dose, 2018,  8, 12, 21, 58,  0,    0.0000000,     0.0000000,      0.00, 92, 0, 0, 0
Dose, 2018,  8, 12, 21, 58, 10,    0.0000000,     0.0000000,      0.00, 92, 1, 0, 0
Dose, 2018,  8, 12, 21, 58, 20,    0.0000000,     0.0000000,      0.00, 92, 0, 0, 0
Dose, 2018,  8, 12, 21, 58, 30,    0.0000000,     0.0000000,      0.00, 92, 1, 0, 0
Dose, 2018,  8, 12, 21, 58, 40,    0.0000000,     0.0000000,      0.00, 92, 0, 0, 0
Dose, 2018,  8, 12, 21, 58, 50,    0.0000000,     0.0000000,      0.00, 92, 1, 0, 0
Dose, 2018,  8, 12, 21, 59,  0,    0.0000000,     0.0000000,      0.00, 92, 0, 0, 0
Dose, 2018,  8, 12, 21, 59, 10,    0.0000000,     0.0000000,      0.00, 92, 1, 0, 0
Dose, 2018,  8, 12, 21, 59, 20,    0.0000000,     0.0000000,      0.00, 92, 1, 0, 0
Dose, 2018,  8, 12, 21, 59, 30,    0.0000000,     0.0000000,      0.00, 92, 1, 0, 0
Dose, 2018,  8, 12, 21, 59, 40,    0.0000000,     0.0000000,      0.00, 92, 1, 0, 0
Dose, 2018,  8, 12, 21, 59, 50,    0.0000000,     0.0000000,      0.00, 91, 0, 0, 0
Dose, 2018,  8, 12, 22,  0,  0,    0.0000000,     0.0000000,      0.00, 92, 1, 0, 0
Dose, 2018,  8, 12, 22,  0, 10,    0.0000000,     0.0000000,      0.00, 92, 1, 0, 0
Dose, 2018,  8, 12, 22,  0, 20,    0.0000000,     0.0000000,      0.00, 92, 1, 0, 0
Dose, 2018,  8, 12, 22,  0, 30,    0.0000000,     0.0000000,      0.00, 92, 1, 0, 0
Dose, 2018,  8, 12, 22,  0, 40,    0.0000000,     0.0000000,      0.00, 92, 0, 0, 0
Dose, 2018,  8, 12, 22,  0, 50,    0.0000000,     0.0000000,      0.00, 92, 1, 0, 0
Dose, 2018,  8, 12, 22,  1,  0,    0.0000000,     0.0000000,      0.00, 92, 1, 0, 0
Dose, 2018,  8, 12, 22,  1, 10,    0.0000000,     0.0000000,      0.00, 92, 0, 0, 0
Dose, 2018,  8, 12, 22,  1, 20,    0.0000000,     0.0000000,      0.00, 92, 1, 0, 0
Dose, 2018,  8, 12, 22,  1, 30,    0.0000000,     0.0000000,      0.00, 93, 1, 0, 0
Dose, 2018,  8, 12, 22,  1, 40,    0.0000000,     0.0000000,      0.00, 93, 1, 0, 0
Dose, 2018,  8, 12, 22,  1, 50,    0.0000000,     0.0000000,      0.00, 93, 0, 0, 0
Dose, 2018,  8, 12, 22,  2,  0,    0.0000000,     0.0000000,      0.00, 93, 1, 0, 0
Dose, 2018,  8, 12, 22,  2, 10,    0.0000000,     0.0000000,      0.00, 93, 1, 0, 0
Dose, 2018,  8, 12, 22,  2, 20,    0.0000000,     0.0000000,      0.00, 93, 0, 0, 0
Dose, 2018,  8, 12, 22,  2, 30,    0.0000000,     0.0000000,      0.00, 93, 0, 0, 0
Dose, 2018,  8, 12, 22,  2, 40,    0.0000000,     0.0000000,      0.00, 93, 1, 0, 0
Dose, 2018,  8, 12, 22,  2, 50,    0.0000000,     0.0000000,      0.00, 93, 0, 0, 0
Dose, 2018,  8, 12, 22,  3,  0,    0.0000000,     0.0000000,      0.00, 93, 0, 0, 0
Dose, 2018,  8, 12, 22,  3, 10,    0.0000000,     0.0000000,      0.00, 93, 1, 0, 0
Dose, 2018,  8, 12, 22,  3, 20,    0.0000000,     0.0000000,      0.00, 93, 1, 0, 0
Dose, 2018,  8, 12, 22,  3, 30,    0.0000000,     0.0000000,      0.00, 93, 0, 0, 0
Dose, 2018,  8, 12, 22,  3, 40,    0.0000000,     0.0000000,      0.00, 93, 1, 0, 0
Dose, 2018,  8, 12, 22,  3, 50,    0.0000000,     0.0000000,      0.00, 93, 1, 0, 0
Dose, 2018,  8, 12, 22,  4,  0,    0.0000000,     0.0000000,      0.00, 93, 1, 0, 0
Dose, 2018,  8, 12, 22,  4, 10,    0.0000000,     0.0000000,      0.00, 93, 1, 0, 0
Dose, 2018,  8, 12, 22,  4, 20,    0.0000000,     0.0000000,      0.00, 93, 0, 0, 0
Dose, 2018,  8, 12, 22,  4, 30,    0.0000000,     0.0000000,      0.00, 93, 1, 0, 0
Dose, 2018,  8, 12, 22,  4, 40,    0.0000000,     0.0000000,      0.00, 93, 1, 0, 0
Dose, 2018,  8, 12, 22,  4, 50,    0.0000000,     0.0000000,      0.00, 93, 1, 0, 0
Dose, 2018,  8, 12, 22,  5,  0,    0.0000000,     0.0000000,      0.00, 93, 1, 0, 0
Dose, 2018,  8, 12, 22,  5, 10,    0.0000000,     0.0000000,      0.00, 93, 1, 0, 0
Dose, 2018,  8, 12, 22,  5, 20,    0.0000000,     0.0000000,      0.00, 93, 1, 0, 0
Dose, 2018,  8, 12, 22,  5, 30,    0.0000000,     0.0000000,      0.00, 93, 1, 0, 0
Dose, 2018,  8, 12, 22,  5, 40,    0.0000000,     0.0000000,      0.00, 93, 1, 0, 0
Dose, 2018,  8, 12, 22,  5, 50,    0.0000000,     0.0000000,      0.00, 93, 1, 0, 0
Dose, 2018,  8, 12, 22,  6,  0,    0.0000000,     0.0000000,      0.00, 93, 0, 0, 0
Dose, 2018,  8, 12, 22,  6, 10,    0.0000000,     0.0000000,      0.00, 93, 0, 0, 0
Dose, 2018,  8, 12, 22,  6, 20,    0.0000000,     0.0000000,      0.00, 93, 0, 0, 0
Dose, 2018,  8, 12, 22,  6, 30,    0.0000000,     0.0000000,      0.00, 93, 0, 0, 0
Dose, 2018,  8, 12, 22,  6, 40,    0.0000000,     0.0000000,      0.00, 93, 1, 0, 0
Dose, 2018,  8, 12, 22,  6, 50,    0.0000000,     0.0000000,      0.00, 93, 1, 0, 0
Dose, 2018,  8, 12, 22,  7,  0,    0.0000000,     0.0000000,      0.00, 93, 1, 0, 0
Dose, 2018,  8, 12, 22,  7, 10,    0.0000000,     0.0000000,      0.00, 94, 0, 0, 0
Dose, 2018,  8, 12, 22,  7, 20,    0.0000000,     0.0000000,      0.00, 94, 1, 0, 0
Dose, 2018,  8, 12, 22,  7, 30,    0.0000000,     0.0000000,      0.00, 94, 1, 0, 0
Dose, 2018,  8, 12, 22,  7, 40,    0.0000000,     0.0000000,      0.00, 94, 1, 0, 0
Dose, 2018,  8, 12, 22,  7, 50,    0.0000000,     0.0000000,      0.00, 94, 1, 0, 0
Dose, 2018,  8, 12, 22,  8,  0,    0.0000000,     0.0000000,      0.00, 94, 1, 0, 0
Dose, 2018,  8, 12, 22,  8, 10,    0.0000000,     0.0000000,      0.00, 94, 1, 0, 0
Dose, 2018,  8, 12, 22,  8, 20,    0.0000000,     0.0000000,      0.00, 94, 1, 0, 0
Dose, 2018,  8, 12, 22,  8, 30,    0.0000000,     0.0000000,      0.00, 94, 0, 0, 0
Dose, 2018,  8, 12, 22,  8, 40,    0.0000000,     0.0000000,      0.00, 94, 0, 0, 0
Dose, 2018,  8, 12, 22,  8, 50,    0.0000000,     0.0000000,      0.00, 93, 1, 0, 0
Dose, 2018,  8, 12, 22,  9,  0,    0.0000000,     0.0000000,      0.00, 93, 1, 0, 0
Dose, 2018,  8, 12, 22,  9, 10,    0.0000000,     0.0000000,      0.00, 94, 1, 0, 0
Dose, 2018,  8, 12, 22,  9, 20,    0.0000000,     0.0000000,      0.00, 94, 1, 0, 0
Dose, 2018,  8, 12, 22,  9, 30,    0.0000000,     0.0000000,      0.00, 94, 1, 0, 0
Dose, 2018,  8, 12, 22,  9, 40,    0.0000000,     0.0000000,      0.00, 94, 0, 0, 0
Dose, 2018,  8, 12, 22,  9, 50,    0.0000000,     0.0000000,      0.00, 94, 1, 0, 0
Dose, 2018,  8, 12, 22, 10,  0,    0.0000000,     0.0000000,      0.00, 94, 1, 0, 0
Dose, 2018,  8, 12, 22, 10, 10,    0.0000000,     0.0000000,      0.00, 94, 0, 0, 0
Dose, 2018,  8, 12, 22, 10, 20,    0.0000000,     0.0000000,      0.00, 94, 1, 0, 0
Dose, 2018,  8, 12, 22, 10, 30,    0.0000000,     0.0000000,      0.00, 94, 0, 0, 0
Dose, 2018,  8, 12, 22, 10, 40,    0.0000000,     0.0000000,      0.00, 94, 1, 0, 0
Dose, 2018,  8, 12, 22, 10, 50,    0.0000000,     0.0000000,      0.00, 94, 1, 0, 0
Dose, 2018,  8, 12, 22, 11,  0,    0.0000000,     0.0000000,      0.00, 94, 1, 0, 0
Dose, 2018,  8, 12, 22, 11, 10,    0.0000000,     0.0000000,      0.00, 94, 0, 0, 0
Dose, 2018,  8, 12, 22, 11, 20,    0.0000000,     0.0000000,      0.00, 94, 1, 0, 0
Dose, 2018,  8, 12, 22, 11, 30,    0.0000000,     0.0000000,      0.00, 94, 1, 0, 0
Dose, 2018,  8, 12, 22, 11, 40,    0.0000000,     0.0000000,      0.00, 94, 1, 0, 0
Dose, 2018,  8, 12, 22, 11, 50,    0.0000000,     0.0000000,      0.00, 94, 1, 0, 0
Dose, 2018,  8, 12, 22, 12,  0,    0.0000000,     0.0000000,      0.00, 95, 1, 0, 0
Dose, 2018,  8, 12, 22, 12, 10,    0.0000000,     0.0000000,      0.00, 95, 1, 0, 0
Dose, 2018,  8, 12, 22, 12, 20,    0.0000000,     0.0000000,      0.00, 95, 1, 0, 0
Dose, 2018,  8, 12, 22, 12, 30,    0.0000000,     0.0000000,      0.00, 95, 1, 0, 0
Dose, 2018,  8, 12, 22, 12, 40,    0.0000000,     0.0000000,      0.00, 95, 1, 0, 0
Dose, 2018,  8, 12, 22, 12, 50,    0.0000000,     0.0000000,      0.00, 95, 1, 0, 0
Dose, 2018,  8, 12, 22, 13,  0,    0.0000000,     0.0000000,      0.00, 95, 0, 0, 0
Dose, 2018,  8, 12, 22, 13, 10,    0.0000000,     0.0000000,      0.00, 95, 1, 0, 0
Dose, 2018,  8, 12, 22, 13, 20,    0.0000000,     0.0000000,      0.00, 95, 0, 0, 0
Dose, 2018,  8, 12, 22, 13, 30,    0.0000000,     0.0000000,      0.00, 95, 1, 0, 0
Dose, 2018,  8, 12, 22, 13, 40,    0.0000000,     0.0000000,      0.00, 95, 1, 0, 0
Dose, 2018,  8, 12, 22, 13, 50,    0.0000000,     0.0000000,      0.00, 95, 1, 0, 0
Dose, 2018,  8, 12, 22, 14,  0,    0.0000000,     0.0000000,      0.00, 94, 1, 0, 0
Dose, 2018,  8, 12, 22, 14, 10,    0.0000000,     0.0000000,      0.00, 95, 1, 0, 0
Dose, 2018,  8, 12, 22, 14, 20,    0.0000000,     0.0000000,      0.00, 94, 1, 0, 0
Dose, 2018,  8, 12, 22, 14, 30,    0.0000000,     0.0000000,      0.00, 96, 1, 0, 0
Dose, 2018,  8, 12, 22, 14, 40,    0.0000000,     0.0000000,      0.00, 96, 1, 0, 0
Dose, 2018,  8, 12, 22, 14, 50,    0.0000000,     0.0000000,      0.00, 96, 0, 0, 0
Dose, 2018,  8, 12, 22, 15,  0,    0.0000000,     0.0000000,      0.00, 96, 1, 0, 0
Dose, 2018,  8, 12, 22, 15, 10,    0.0000000,     0.0000000,      0.00, 96, 0, 0, 0
Dose, 2018,  8, 12, 22, 15, 20,    0.0000000,     0.0000000,      0.00, 96, 1, 0, 0
Dose, 2018,  8, 12, 22, 15, 30,    0.0000000,     0.0000000,      0.00, 96, 0, 0, 0
Dose, 2018,  8, 12, 22, 15, 40,    0.0000000,     0.0000000,      0.00, 96, 1, 0, 0
Dose, 2018,  8, 12, 22, 15, 50,    0.0000000,     0.0000000,      0.00, 96, 1, 0, 0
Dose, 2018,  8, 12, 22, 16,  0,    0.0000000,     0.0000000,      0.00, 96, 1, 0, 0
Dose, 2018,  8, 12, 22, 16, 10,    0.0000000,     0.0000000,      0.00, 96, 1, 0, 0
Dose, 2018,  8, 12, 22, 16, 20,    0.0000000,     0.0000000,      0.00, 96, 1, 0, 0
Dose, 2018,  8, 12, 22, 16, 30,    0.0000000,     0.0000000,      0.00, 96, 0, 0, 0
Dose, 2018,  8, 12, 22, 16, 40,    0.0000000,     0.0000000,      0.00, 97, 0, 0, 0
Dose, 2018,  8, 12, 22, 16, 50,    0.0000000,     0.0000000,      0.00, 97, 0, 0, 0
Dose, 2018,  8, 12, 22, 17,  0,    0.0000000,     0.0000000,      0.00, 97, 1, 0, 0
Dose, 2018,  8, 12, 22, 17, 10,    0.0000000,     0.0000000,      0.00, 97, 0, 0, 0
Dose, 2018,  8, 12, 22, 17, 20,    0.0000000,     0.0000000,      0.00, 96, 1, 0, 0
Dose, 2018,  8, 12, 22, 17, 30,    0.0000000,     0.0000000,      0.00, 97, 1, 0, 0
Dose, 2018,  8, 12, 22, 17, 40,    0.0000000,     0.0000000,      0.00, 97, 1, 0, 0
Dose, 2018,  8, 12, 22, 17, 50,    0.0000000,     0.0000000,      0.00, 97, 1, 0, 0
Dose, 2018,  8, 12, 22, 18,  0,    0.0000000,     0.0000000,      0.00, 97, 1, 0, 0
Dose, 2018,  8, 12, 22, 18, 10,    0.0000000,     0.0000000,      0.00, 97, 1, 0, 0
Dose, 2018,  8, 12, 22, 18, 20,    0.0000000,     0.0000000,      0.00, 97, 1, 0, 0
Dose, 2018,  8, 12, 22, 18, 30,    0.0000000,     0.0000000,      0.00, 97, 1, 0, 0
Dose, 2018,  8, 12, 22, 18, 40,    0.0000000,     0.0000000,      0.00, 97, 1, 0, 0
Dose, 2018,  8, 12, 22, 18, 50,    0.0000000,     0.0000000,      0.00, 97, 0, 0, 0
Dose, 2018,  8, 12, 22, 19,  0,    0.0000000,     0.0000000,      0.00, 97, 1, 0, 0
Dose, 2018,  8, 12, 22, 19, 10,    0.0000000,     0.0000000,      0.00, 97, 0, 0, 0
Dose, 2018,  8, 12, 22, 19, 20,    0.0000000,     0.0000000,      0.00, 97, 1, 0, 0
Dose, 2018,  8, 12, 22, 19, 30,    0.0000000,     0.0000000,      0.00, 98, 1, 0, 0
Dose, 2018,  8, 12, 22, 19, 40,    0.0000000,     0.0000000,      0.00, 98, 0, 0, 0
Dose, 2018,  8, 12, 22, 19, 50,    0.0000000,     0.0000000,      0.00, 98, 1, 0, 0
Dose, 2018,  8, 12, 22, 20,  0,    0.0000000,     0.0000000,      0.00, 98, 1, 0, 0
Dose, 2018,  8, 12, 22, 20, 10,    0.0000000,     0.0000000,      0.00, 98, 1, 0, 0
Dose, 2018,  8, 12, 22, 20, 20,    0.0000000,     0.0000000,      0.00, 98, 1, 0, 0
Dose, 2018,  8, 12, 22, 20, 30,    0.0000000,     0.0000000,      0.00, 98, 1, 0, 0
Dose, 2018,  8, 12, 22, 20, 40,    0.0000000,     0.0000000,      0.00, 98, 1, 0, 0
Dose, 2018,  8, 12, 22, 20, 50,    0.0000000,     0.0000000,      0.00, 98, 1, 0, 0
Dose, 2018,  8, 12, 22, 21,  0,    0.0000000,     0.0000000,      0.00, 98, 0, 0, 0
Dose, 2018,  8, 12, 22, 21, 10,    0.0000000,     0.0000000,      0.00, 98, 0, 0, 0
Dose, 2018,  8, 12, 22, 21, 20,    0.0000000,     0.0000000,      0.00, 98, 1, 0, 0
Dose, 2018,  8, 12, 22, 21, 30,    0.0000000,     0.0000000,      0.00, 98, 0, 0, 0
Dose, 2018,  8, 12, 22, 21, 40,    0.0000000,     0.0000000,      0.00, 98, 0, 0, 0
Dose, 2018,  8, 12, 22, 21, 50,    0.0000000,     0.0000000,      0.00, 98, 0, 0, 0
Dose, 2018,  8, 12, 22, 22,  0,    0.0000000,     0.0000000,      0.00, 99, 0, 0, 0
Dose, 2018,  8, 12, 22, 22, 10,    0.0000000,     0.0000000,      0.00, 99, 1, 0, 0
Dose, 2018,  8, 12, 22, 22, 20,    0.0000000,     0.0000000,      0.00, 99, 0, 0, 0
Dose, 2018,  8, 12, 22, 22, 30,    0.0000000,     0.0000000,      0.00, 99, 1, 0, 0
Dose, 2018,  8, 12, 22, 22, 40,    0.0000000,     0.0000000,      0.00, 99, 1, 0, 0
Dose, 2018,  8, 12, 22, 22, 50,    0.0000000,     0.0000000,      0.00, 99, 1, 0, 0
Dose, 2018,  8, 12, 22, 23,  0,    0.0000000,     0.0000000,      0.00, 99, 1, 0, 0
Dose, 2018,  8, 12, 22, 23, 10,    0.0000000,     0.0000000,      0.00, 99, 0, 0, 0
Dose, 2018,  8, 12, 22, 23, 20,    0.0000000,     0.0000000,      0.00, 99, 0, 0, 0
Dose, 2018,  8, 12, 22, 23, 30,    0.0000000,     0.0000000,      0.00, 99, 1, 0, 0
Dose, 2018,  8, 12, 22, 23, 40,    0.0000000,     0.0000000,      0.00, 99, 1, 0, 0
Dose, 2018,  8, 12, 22, 23, 50,    0.0000000,     0.0000000,      0.00, 99, 0, 0, 0
Dose, 2018,  8, 12, 22, 24,  0,    0.0000000,     0.0000000,      0.00, 99, 1, 0, 0
Dose, 2018,  8, 12, 22, 24, 10,    0.0000000,     0.0000000,      0.00, 99, 1, 0, 0
Dose, 2018,  8, 12, 22, 24, 20,    0.0000000,     0.0000000,      0.00, 100, 1, 0, 0
Dose, 2018,  8, 12, 22, 24, 30,    0.0000000,     0.0000000,      0.00, 100, 1, 0, 0
Dose, 2018,  8, 12, 22, 24, 40,    0.0000000,     0.0000000,      0.00, 100, 0, 0, 0
Dose, 2018,  8, 12, 22, 24, 50,    0.0000000,     0.0000000,      0.00, 100, 0, 0, 0
Dose, 2018,  8, 12, 22, 25,  0,    0.0000000,     0.0000000,      0.00, 100, 0, 0, 0
Dose, 2018,  8, 12, 22, 25, 10,    0.0000000,     0.0000000,      0.00, 100, 0, 0, 0
Dose, 2018,  8, 12, 22, 25, 20,    0.0000000,     0.0000000,      0.00, 100, 1, 0, 0
Dose, 2018,  8, 12, 22, 25, 30,    0.0000000,     0.0000000,      0.00, 100, 1, 0, 0
Dose, 2018,  8, 12, 22, 25, 40,    0.0000000,     0.0000000,      0.00, 100, 1, 0, 0
Dose, 2018,  8, 12, 22, 25, 50,    0.0000000,     0.0000000,      0.00, 100, 0, 0, 0
Dose, 2018,  8, 12, 22, 26,  0,    0.0000000,     0.0000000,      0.00, 100, 0, 0, 0
Dose, 2018,  8, 12, 22, 26, 10,    0.0000000,     0.0000000,      0.00, 100, 1, 0, 0
Dose, 2018,  8, 12, 22, 26, 20,    0.0000000,     0.0000000,      0.00, 100, 1, 0, 0
Dose, 2018,  8, 12, 22, 26, 30,    0.0000000,     0.0000000,      0.00, 100, 1, 0, 0
Dose, 2018,  8, 12, 22, 26, 40,    0.0000000,     0.0000000,      0.00, 100, 1, 0, 0
Dose, 2018,  8, 12, 22, 26, 50,    0.0000000,     0.0000000,      0.00, 100, 1, 0, 0
Dose, 2018,  8, 12, 22, 27,  0,    0.0000000,     0.0000000,      0.00, 101, 1, 0, 0
Dose, 2018,  8, 12, 22, 27, 10,    0.0000000,     0.0000000,      0.00, 101, 0, 0, 0
Dose, 2018,  8, 12, 22, 27, 20,    0.0000000,     0.0000000,      0.00, 101, 1, 0, 0
Dose, 2018,  8, 12, 22, 27, 30,    0.0000000,     0.0000000,      0.00, 101, 1, 0, 0
Dose, 2018,  8, 12, 22, 27, 40,    0.0000000,     0.0000000,      0.00, 101, 0, 0, 0
Dose, 2018,  8, 12, 22, 27, 50,    0.0000000,     0.0000000,      0.00, 101, 1, 0, 0
Dose, 2018,  8, 12, 22, 28,  0,    0.0000000,     0.0000000,      0.00, 101, 1, 0, 0
Dose, 2018,  8, 12, 22, 28, 10,    0.0000000,     0.0000000,      0.00, 101, 1, 0, 0
Dose, 2018,  8, 12, 22, 28, 20,    0.0000000,     0.0000000,      0.00, 101, 1, 0, 0
Dose, 2018,  8, 12, 22, 28, 30,    0.0000000,     0.0000000,      0.00, 101, 1, 0, 0
Dose, 2018,  8, 12, 22, 28, 40,    0.0000000,     0.0000000,      0.00, 101, 0, 0, 0
Dose, 2018,  8, 12, 22, 28, 50,    0.0000000,     0.0000000,      0.00, 102, 1, 0, 0
Dose, 2018,  8, 12, 22, 29,  0,    0.0000000,     0.0000000,      0.00, 102, 1, 0, 0
Dose, 2018,  8, 12, 22, 29, 10,    0.0000000,     0.0000000,      0.00, 102, 1, 0, 0
Dose, 2018,  8, 12, 22, 29, 20,    0.0000000,     0.0000000,      0.00, 102, 1, 0, 0
Dose, 2018,  8, 12, 22, 29, 30,    0.0000000,     0.0000000,      0.00, 102, 0, 0, 0
Dose, 2018,  8, 12, 22, 29, 40,    0.0000000,     0.0000000,      0.00, 102, 1, 0, 0
Dose, 2018,  8, 12, 22, 29, 50,    0.0000000,     0.0000000,      0.00, 102, 1, 0, 0
Dose, 2018,  8, 12, 22, 30,  0,    0.0000000,     0.0000000,      0.00, 102, 0, 0, 0
Dose, 2018,  8, 12, 22, 30, 10,    0.0000000,     0.0000000,      0.00, 102, 0, 0, 0
Dose, 2018,  8, 12, 22, 30, 20,    0.0000000,     0.0000000,      0.00, 102, 0, 0, 0
Dose, 2018,  8, 12, 22, 30, 30,    0.0000000,     0.0000000,      0.00, 102, 0, 0, 0
Dose, 2018,  8, 12, 22, 30, 40,    0.0000000,     0.0000000,      0.00, 102, 1, 0, 0
Dose, 2018,  8, 12, 22, 30, 50,    0.0000000,     0.0000000,      0.00, 102, 1, 0, 0
Dose, 2018,  8, 12, 22, 31,  0,    0.0000000,     0.0000000,      0.00, 102, 1, 0, 0
Dose, 2018,  8, 12, 22, 31, 10,    0.0000000,     0.0000000,      0.00, 102, 1, 0, 0
Dose, 2018,  8, 12, 22, 31, 20,    0.0000000,     0.0000000,      0.00, 102, 0, 0, 0
Dose, 2018,  8, 12, 22, 31, 30,    0.0000000,     0.0000000,      0.00, 103, 1, 0, 0
Dose, 2018,  8, 12, 22, 31, 40,    0.0000000,     0.0000000,      0.00, 103, 1, 0, 0
Dose, 2018,  8, 12, 22, 31, 50,    0.0000000,     0.0000000,      0.00, 103, 1, 0, 0
Dose, 2018,  8, 12, 22, 32,  0,    0.0000000,     0.0000000,      0.00, 103, 1, 0, 0
Dose, 2018,  8, 12, 22, 32, 10,    0.0000000,     0.0000000,      0.00, 103, 1, 0, 0
Dose, 2018,  8, 12, 22, 32, 20,    0.0000000,     0.0000000,      0.00, 103, 1, 0, 0
Dose, 2018,  8, 12, 22, 32, 30,    0.0000000,     0.0000000,      0.00, 103, 1, 0, 0
Dose, 2018,  8, 12, 22, 32, 40,    0.0000000,     0.0000000,      0.00, 103, 1, 0, 0
Dose, 2018,  8, 12, 22, 32, 50,    0.0000000,     0.0000000,      0.00, 102, 0, 0, 0
Dose, 2018,  8, 12, 22, 33,  0,    0.0000000,     0.0000000,      0.00, 103, 1, 0, 0
Dose, 2018,  8, 12, 22, 33, 10,    0.0000000,     0.0000000,      0.00, 103, 1, 0, 0
Dose, 2018,  8, 12, 22, 33, 20,    0.0000000,     0.0000000,      0.00, 103, 1, 0, 0
Dose, 2018,  8, 12, 22, 33, 30,    0.0000000,     0.0000000,      0.00, 103, 0, 0, 0
Dose, 2018,  8, 12, 22, 33, 40,    0.0000000,     0.0000000,      0.00, 103, 1, 0, 0
Dose, 2018,  8, 12, 22, 33, 50,    0.0000000,     0.0000000,      0.00, 103, 1, 0, 0
Dose, 2018,  8, 12, 22, 34,  0,    0.0000000,     0.0000000,      0.00, 103, 1, 0, 0
Dose, 2018,  8, 12, 22, 34, 10,    0.0000000,     0.0000000,      0.00, 104, 0, 0, 0
Dose, 2018,  8, 12, 22, 34, 20,    0.0000000,     0.0000000,      0.00, 104, 0, 0, 0
Dose, 2018,  8, 12, 22, 34, 30,    0.0000000,     0.0000000,      0.00, 104, 0, 0, 0
Dose, 2018,  8, 12, 22, 34, 40,    0.0000000,     0.0000000,      0.00, 104, 1, 0, 0
Dose, 2018,  8, 12, 22, 34, 50,    0.0000000,     0.0000000,      0.00, 104, 1, 0, 0
Dose, 2018,  8, 12, 22, 35,  0,    0.0000000,     0.0000000,      0.00, 104, 1, 0, 0
Dose, 2018,  8, 12, 22, 35, 10,    0.0000000,     0.0000000,      0.00, 104, 0, 0, 0
Dose, 2018,  8, 12, 22, 35, 20,    0.0000000,     0.0000000,      0.00, 104, 1, 0, 0
Dose, 2018,  8, 12, 22, 35, 30,    0.0000000,     0.0000000,      0.00, 104, 0, 0, 0
Dose, 2018,  8, 12, 22, 35, 40,    0.0000000,     0.0000000,      0.00, 104, 0, 0, 0
Dose, 2018,  8, 12, 22, 35, 50,    0.0000000,     0.0000000,      0.00, 104, 1, 0, 0
Dose, 2018,  8, 12, 22, 36,  0,    0.0000000,     0.0000000,      0.00, 105, 1, 0, 0
Dose, 2018,  8, 12, 22, 36, 10,    0.0000000,     0.0000000,      0.00, 105, 0, 0, 0
Dose, 2018,  8, 12, 22, 36, 20,    0.0000000,     0.0000000,      0.00, 105, 1, 0, 0
Dose, 2018,  8, 12, 22, 36, 30,    0.0000000,     0.0000000,      0.00, 105, 1, 0, 0
Dose, 2018,  8, 12, 22, 36, 40,    0.0000000,     0.0000000,      0.00, 105, 1, 0, 0
Dose, 2018,  8, 12, 22, 36, 50,    0.0000000,     0.0000000,      0.00, 105, 1, 0, 0
Dose, 2018,  8, 12, 22, 37,  0,    0.0000000,     0.0000000,      0.00, 105, 0, 0, 0
Dose, 2018,  8, 12, 22, 37, 10,    0.0000000,     0.0000000,      0.00, 105, 1, 0, 0
Dose, 2018,  8, 12, 22, 37, 20,    0.0000000,     0.0000000,      0.00, 105, 0, 0, 0
Dose, 2018,  8, 12, 22, 37, 30,    0.0000000,     0.0000000,      0.00, 105, 1, 0, 0
Dose, 2018,  8, 12, 22, 37, 40,    0.0000000,     0.0000000,      0.00, 105, 0, 0, 0
Dose, 2018,  8, 12, 22, 37, 50,    0.0000000,     0.0000000,      0.00, 105, 0, 0, 0
Dose, 2018,  8, 12, 22, 38,  0,    0.0000000,     0.0000000,      0.00, 105, 1, 0, 0
Dose, 2018,  8, 12, 22, 38, 10,    0.0000000,     0.0000000,      0.00, 106, 1, 0, 0
Dose, 2018,  8, 12, 22, 38, 20,    0.0000000,     0.0000000,      0.00, 106, 0, 0, 0
Dose, 2018,  8, 12, 22, 38, 30,    0.0000000,     0.0000000,      0.00, 106, 0, 0, 0
Dose, 2018,  8, 12, 22, 38, 40,    0.0000000,     0.0000000,      0.00, 107, 1, 0, 0
Dose, 2018,  8, 12, 22, 38, 50,    0.0000000,     0.0000000,      0.00, 107, 0, 0, 0
Dose, 2018,  8, 12, 22, 39,  0,    0.0000000,     0.0000000,      0.00, 107, 0, 0, 0
Dose, 2018,  8, 12, 22, 39, 10,    0.0000000,     0.0000000,      0.00, 107, 1, 0, 0
Dose, 2018,  8, 12, 22, 39, 20,    0.0000000,     0.0000000,      0.00, 107, 1, 0, 0
Dose, 2018,  8, 12, 22, 39, 30,    0.0000000,     0.0000000,      0.00, 107, 0, 0, 0
Dose, 2018,  8, 12, 22, 39, 40,    0.0000000,     0.0000000,      0.00, 107, 1, 0, 0
Dose, 2018,  8, 12, 22, 39, 50,    0.0000000,     0.0000000,      0.00, 107, 1, 0, 0
Dose, 2018,  8, 12, 22, 40,  0,    0.0000000,     0.0000000,      0.00, 107, 1, 0, 0
Dose, 2018,  8, 12, 22, 40, 10,    0.0000000,     0.0000000,      0.00, 108, 1, 0, 0
Dose, 2018,  8, 12, 22, 40, 20,    0.0000000,     0.0000000,      0.00, 108, 1, 0, 0
Dose, 2018,  8, 12, 22, 40, 30,    0.0000000,     0.0000000,      0.00, 108, 0, 0, 0
Dose, 2018,  8, 12, 22, 40, 40,    0.0000000,     0.0000000,      0.00, 109, 0, 0, 0
Dose, 2018,  8, 12, 22, 40, 50,    0.0000000,     0.0000000,      0.00, 109, 1, 0, 0
Dose, 2018,  8, 12, 22, 41,  0,    0.0000000,     0.0000000,      0.00, 109, 1, 0, 0
Dose, 2018,  8, 12, 22, 41, 10,    0.0000000,     0.0000000,      0.00, 110, 1, 0, 0
Dose, 2018,  8, 12, 22, 41, 20,    0.0000000,     0.0000000,      0.00, 110, 1, 0, 0
Dose, 2018,  8, 12, 22, 41, 30,    0.0000000,     0.0000000,      0.00, 110, 1, 0, 0
Dose, 2018,  8, 12, 22, 41, 40,    0.0000000,     0.0000000,      0.00, 110, 1, 0, 0
Dose, 2018,  8, 12, 22, 41, 50,    0.0000000,     0.0000000,      0.00, 111, 1, 0, 0
Dose, 2018,  8, 12, 22, 42,  0,    0.0000000,     0.0000000,      0.00, 111, 0, 0, 0
Dose, 2018,  8, 12, 22, 42, 10,    0.0000000,     0.0000000,      0.00, 111, 0, 0, 0
Dose, 2018,  8, 12, 22, 42, 20,    0.0000000,     0.0000000,      0.00, 111, 1, 0, 0
Dose, 2018,  8, 12, 22, 42, 30,    0.0000000,     0.0000000,      0.00, 111, 1, 0, 0
Dose, 2018,  8, 12, 22, 42, 40,    0.0000000,     0.0000000,      0.00, 111, 1, 0, 0
Dose, 2018,  8, 12, 22, 42, 50,    0.0000000,     0.0000000,      0.00, 111, 0, 0, 0
Dose, 2018,  8, 12, 22, 43,  0,    0.0000000,     0.0000000,      0.00, 111, 0, 0, 0
Dose, 2018,  8, 12, 22, 43, 10,    0.0000000,     0.0000000,      0.00, 111, 1, 0, 0
Dose, 2018,  8, 12, 22, 43, 20,    0.0000000,     0.0000000,      0.00, 111, 1, 0, 0
Dose, 2018,  8, 12, 22, 43, 30,    0.0000000,     0.0000000,      0.00, 111, 0, 0, 0
Dose, 2018,  8, 12, 22, 43, 40,    0.0000000,     0.0000000,      0.00, 111, 1, 0, 0
Dose, 2018,  8, 12, 22, 43, 50,    0.0000000,     0.0000000,      0.00, 112, 1, 0, 0
