Dose, 2018,  5, 26, 20, 58, 10,   34.5461537,  -117.9291917,    858.60, 0, 0, 0, 0
Dose, 2018,  5, 26, 20, 58, 20,   34.5461630,  -117.9291992,    852.70, 0, 0, 0, 0
Dose, 2018,  5, 26, 20, 58, 30,   34.5461660,  -117.9291993,    851.00, 0, 0, 0, 0
Dose, 2018,  5, 26, 20, 58, 40,   34.5461583,  -117.9291975,    850.10, 0, 0, 0, 0
Dose, 2018,  5, 26, 20, 58, 50,   34.5461592,  -117.9291983,    850.40, 0, 0, 0, 0
Dose, 2018,  5, 26, 20, 59,  0,   34.5461653,  -117.9291983,    850.70, 0, 0, 0, 0
Dose, 2018,  5, 26, 20, 59, 10,   34.5461713,  -117.9291970,    851.20, 0, 0, 0, 0
Dose, 2018,  5, 26, 20, 59, 20,   34.5461765,  -117.9291938,    851.10, 0, 0, 0, 0
Dose, 2018,  5, 26, 20, 59, 30,   34.5461775,  -117.9291852,    851.20, 0, 0, 0, 0
Dose, 2018,  5, 26, 20, 59, 40,   34.5461770,  -117.9291757,    851.70, 0, 0, 0, 0
Dose, 2018,  5, 26, 20, 59, 50,   34.5461750,  -117.9291697,    852.20, 0, 0, 0, 0
Dose, 2018,  5, 26, 21,  0,  0,   34.5461705,  -117.9291660,    853.20, 0, 0, 0, 0
Dose, 2018,  5, 26, 21,  0, 10,   34.5461672,  -117.9291717,    852.60, 0, 0, 0, 0
Dose, 2018,  5, 26, 21,  0, 20,   34.5461682,  -117.9291780,    851.80, 0, 0, 0, 0
Dose, 2018,  5, 26, 21,  0, 30,   34.5461713,  -117.9291853,    850.70, 0, 0, 0, 0
Dose, 2018,  5, 26, 21,  0, 40,   34.5461683,  -117.9291922,    848.60, 0, 0, 0, 0
Dose, 2018,  5, 26, 21,  0, 50,   34.5461668,  -117.9291943,    849.60, 0, 0, 0, 0
Dose, 2018,  5, 26, 21,  1,  0,   34.5461700,  -117.9291985,    850.40, 0, 0, 0, 0
Dose, 2018,  5, 26, 21,  1, 10,   34.5461720,  -117.9292025,    851.50, 0, 0, 0, 0
Dose, 2018,  5, 26, 21,  1, 20,   34.5461737,  -117.9292040,    852.90, 0, 0, 0, 0
Dose, 2018,  5, 26, 21,  1, 30,   34.5461760,  -117.9292000,    853.50, 0, 0, 0, 0
Dose, 2018,  5, 26, 21,  1, 40,   34.5461742,  -117.9291953,    854.40, 0, 0, 0, 0
Dose, 2018,  5, 26, 21,  1, 50,   34.5461698,  -117.9291898,    854.50, 0, 0, 0, 0
Dose, 2018,  5, 26, 21,  2,  0,   34.5461655,  -117.9291822,    855.20, 0, 0, 0, 0
Dose, 2018,  5, 26, 21,  2, 10,   34.5461607,  -117.9291727,    855.80, 0, 0, 0, 0
Dose, 2018,  5, 26, 21,  2, 20,   34.5461588,  -117.9291712,    856.20, 0, 0, 0, 0
Dose, 2018,  5, 26, 21,  2, 30,   34.5461565,  -117.9291697,    855.10, 0, 0, 0, 0
Dose, 2018,  5, 26, 21,  2, 40,   34.5461572,  -117.9291787,    853.20, 0, 0, 0, 0
Dose, 2018,  5, 26, 21,  2, 50,   34.5461597,  -117.9291840,    851.50, 0, 0, 0, 0
Dose, 2018,  5, 26, 21,  3,  0,   34.5461612,  -117.9291863,    850.50, 0, 0, 0, 0
Dose, 2018,  5, 26, 21,  3, 10,   34.5461620,  -117.9291923,    848.80, 0, 0, 0, 0
Dose, 2018,  5, 26, 21,  3, 20,   34.5461623,  -117.9291993,    847.90, 0, 0, 0, 0
Dose, 2018,  5, 26, 21,  3, 30,   34.5461620,  -117.9292047,    847.50, 0, 0, 0, 0
Dose, 2018,  5, 26, 21,  3, 40,   34.5461610,  -117.9292037,    847.00, 0, 0, 0, 0
Dose, 2018,  5, 26, 21,  3, 50,   34.5461587,  -117.9292000,    847.00, 0, 0, 0, 0
Dose, 2018,  5, 26, 21,  4,  0,   34.5461610,  -117.9292002,    847.00, 0, 0, 0, 0
Dose, 2018,  5, 26, 21,  4, 10,   34.5461628,  -117.9291985,    848.80, 0, 0, 0, 0
Dose, 2018,  5, 26, 21,  4, 20,   34.5461628,  -117.9291935,    849.20, 0, 0, 0, 0
Dose, 2018,  5, 26, 21,  4, 30,   34.5461677,  -117.9291873,    851.20, 0, 0, 0, 0
Dose, 2018,  5, 26, 21,  4, 40,   34.5461680,  -117.9291830,    852.40, 0, 0, 0, 0
Dose, 2018,  5, 26, 21,  4, 50,   34.5461695,  -117.9291832,    854.00, 0, 0, 0, 0
Dose, 2018,  5, 26, 21,  5,  0,   34.5461723,  -117.9291797,    855.50, 0, 0, 0, 0
Dose, 2018,  5, 26, 21,  5, 10,   34.5461748,  -117.9291788,    855.70, 0, 0, 0, 0
Dose, 2018,  5, 26, 21,  5, 20,   34.5461778,  -117.9291797,    856.20, 0, 0, 0, 0
Dose, 2018,  5, 26, 21,  5, 30,   34.5461770,  -117.9291762,    855.90, 0, 0, 0, 0
Dose, 2018,  5, 26, 21,  5, 40,   34.5461807,  -117.9291792,    855.50, 0, 0, 0, 0
Dose, 2018,  5, 26, 21,  5, 50,   34.5461823,  -117.9291857,    854.70, 0, 0, 0, 0
Dose, 2018,  5, 26, 21,  6,  0,   34.5461803,  -117.9291952,    853.10, 0, 0, 0, 0
Dose, 2018,  5, 26, 21,  6, 10,   34.5461785,  -117.9291918,    853.20, 0, 0, 0, 0
Dose, 2018,  5, 26, 21,  6, 20,   34.5461798,  -117.9291908,    852.90, 0, 0, 0, 0
Dose, 2018,  5, 26, 21,  6, 30,   34.5461798,  -117.9291925,    852.10, 0, 0, 0, 0
Dose, 2018,  5, 26, 21,  6, 40,   34.5461803,  -117.9291972,    851.60, 0, 0, 0, 0
Dose, 2018,  5, 26, 21,  6, 50,   34.5461783,  -117.9291943,    852.40, 0, 0, 0, 0
Dose, 2018,  5, 26, 21,  7,  0,   34.5461760,  -117.9291915,    852.90, 0, 0, 0, 0
Dose, 2018,  5, 26, 21,  7, 10,   34.5461710,  -117.9291890,    853.70, 0, 0, 0, 0
Dose, 2018,  5, 26, 21,  7, 20,   34.5461705,  -117.9291908,    853.50, 0, 0, 0, 0
Dose, 2018,  5, 26, 21,  7, 30,   34.5461680,  -117.9291890,    854.20, 0, 0, 0, 0
Dose, 2018,  5, 26, 21,  7, 40,   34.5461653,  -117.9291890,    853.80, 0, 0, 0, 0
Dose, 2018,  5, 26, 21,  7, 50,   34.5461645,  -117.9291868,    852.90, 0, 0, 0, 0
Dose, 2018,  5, 26, 21,  8,  0,   34.5461640,  -117.9291807,    852.40, 0, 0, 0, 0
Dose, 2018,  5, 26, 21,  8, 10,   34.5461653,  -117.9291793,    852.30, 0, 0, 0, 0
Dose, 2018,  5, 26, 21,  8, 20,   34.5461647,  -117.9291862,    851.10, 0, 0, 0, 0
Dose, 2018,  5, 26, 21,  8, 30,   34.5461673,  -117.9291897,    849.90, 0, 0, 0, 0
Dose, 2018,  5, 26, 21,  8, 40,   34.5461683,  -117.9291878,    849.80, 0, 0, 0, 0
Dose, 2018,  5, 26, 21,  8, 50,   34.5461693,  -117.9291887,    850.50, 0, 0, 0, 0
Dose, 2018,  5, 26, 21,  9,  0,   34.5461712,  -117.9291935,    852.00, 0, 0, 0, 0
Dose, 2018,  5, 26, 21,  9, 10,   34.5461755,  -117.9291997,    852.30, 0, 0, 0, 0
Dose, 2018,  5, 26, 21,  9, 20,   34.5461717,  -117.9292020,    852.10, 0, 0, 0, 0
Dose, 2018,  5, 26, 21,  9, 30,   34.5461715,  -117.9292028,    851.90, 0, 0, 0, 0
Dose, 2018,  5, 26, 21,  9, 40,   34.5461720,  -117.9292007,    852.30, 0, 0, 0, 0
Dose, 2018,  5, 26, 21,  9, 50,   34.5461718,  -117.9292013,    852.00, 0, 0, 0, 0
Dose, 2018,  5, 26, 21, 10,  0,   34.5461687,  -117.9292060,    850.40, 0, 0, 0, 0
Dose, 2018,  5, 26, 21, 10, 10,   34.5461682,  -117.9292005,    850.60, 0, 0, 0, 0
Dose, 2018,  5, 26, 21, 10, 20,   34.5461652,  -117.9291953,    851.40, 0, 0, 0, 0
Dose, 2018,  5, 26, 21, 10, 30,   34.5461683,  -117.9292028,    850.70, 0, 0, 0, 0
Dose, 2018,  5, 26, 21, 10, 40,   34.5461668,  -117.9292107,    849.00, 0, 0, 0, 0
Dose, 2018,  5, 26, 21, 10, 50,   34.5461655,  -117.9292145,    847.50, 0, 0, 0, 0
Dose, 2018,  5, 26, 21, 11,  0,   34.5461620,  -117.9292150,    846.40, 0, 0, 0, 0
Dose, 2018,  5, 26, 21, 11, 10,   34.5461630,  -117.9292118,    846.20, 0, 0, 0, 0
Dose, 2018,  5, 26, 21, 11, 20,   34.5461617,  -117.9292093,    846.20, 0, 0, 0, 0
Dose, 2018,  5, 26, 21, 11, 30,   34.5461662,  -117.9292103,    847.00, 0, 0, 0, 0
Dose, 2018,  5, 26, 21, 11, 40,   34.5461728,  -117.9292053,    850.40, 0, 0, 0, 0
Dose, 2018,  5, 26, 21, 11, 50,   34.5461758,  -117.9292065,    852.10, 0, 0, 0, 0
Dose, 2018,  5, 26, 21, 12,  0,   34.5461777,  -117.9292008,    853.50, 0, 0, 0, 0
Dose, 2018,  5, 26, 21, 12, 10,   34.5461782,  -117.9291958,    854.20, 0, 0, 0, 0
Dose, 2018,  5, 26, 21, 12, 20,   34.5461742,  -117.9291780,    855.70, 0, 0, 0, 0
Dose, 2018,  5, 26, 21, 12, 30,   34.5461670,  -117.9291823,    852.70, 0, 0, 0, 0
Dose, 2018,  5, 26, 21, 12, 40,   34.5461635,  -117.9291932,    848.70, 0, 0, 0, 0
Dose, 2018,  5, 26, 21, 12, 50,   34.5461738,  -117.9292000,    848.00, 0, 0, 0, 0
Dose, 2018,  5, 26, 21, 13,  0,   34.5461682,  -117.9291980,    847.00, 0, 0, 0, 0
Dose, 2018,  5, 26, 21, 13, 10,   34.5461625,  -117.9291955,    845.50, 0, 0, 0, 0
Dose, 2018,  5, 26, 21, 13, 20,   34.5461605,  -117.9291935,    845.10, 0, 0, 0, 0
Dose, 2018,  5, 26, 21, 13, 30,   34.5461607,  -117.9291925,    845.40, 0, 0, 0, 0
Dose, 2018,  5, 26, 21, 13, 40,   34.5461610,  -117.9291933,    844.70, 0, 0, 0, 0
Dose, 2018,  5, 26, 21, 13, 50,   34.5461615,  -117.9291928,    843.80, 0, 0, 0, 0
Dose, 2018,  5, 26, 21, 14,  0,   34.5461610,  -117.9291940,    842.90, 0, 0, 0, 0
Dose, 2018,  5, 26, 21, 14, 10,   34.5461620,  -117.9291960,    841.60, 0, 0, 0, 0
Dose, 2018,  5, 26, 21, 14, 20,   34.5461637,  -117.9291975,    841.50, 0, 0, 0, 0
Dose, 2018,  5, 26, 21, 14, 30,   34.5461662,  -117.9292040,    841.80, 0, 0, 0, 0
Dose, 2018,  5, 26, 21, 14, 40,   34.5461675,  -117.9292092,    842.30, 0, 0, 0, 0
Dose, 2018,  5, 26, 21, 14, 50,   34.5461693,  -117.9292152,    842.80, 0, 0, 0, 0
Dose, 2018,  5, 26, 21, 15,  0,   34.5461692,  -117.9292173,    842.90, 0, 0, 0, 0
Dose, 2018,  5, 26, 21, 15, 10,   34.5461708,  -117.9292173,    843.20, 0, 0, 0, 0
Dose, 2018,  5, 26, 21, 15, 20,   34.5461710,  -117.9292168,    843.20, 0, 0, 0, 0
Dose, 2018,  5, 26, 21, 15, 30,   34.5461715,  -117.9292158,    843.20, 0, 0, 0, 0
Dose, 2018,  5, 26, 21, 15, 40,   34.5461718,  -117.9292112,    843.60, 0, 0, 0, 0
Dose, 2018,  5, 26, 21, 15, 50,   34.5461738,  -117.9292107,    843.50, 0, 0, 0, 0
Dose, 2018,  5, 26, 21, 16,  0,   34.5461735,  -117.9292118,    843.80, 0, 0, 0, 0
Dose, 2018,  5, 26, 21, 16, 10,   34.5461733,  -117.9292108,    844.50, 0, 0, 0, 0
Dose, 2018,  5, 26, 21, 16, 20,   34.5461737,  -117.9292112,    845.50, 0, 0, 0, 0
Dose, 2018,  5, 26, 21, 16, 30,   34.5461718,  -117.9292115,    846.40, 0, 0, 0, 0
Dose, 2018,  5, 26, 21, 16, 40,   34.5461680,  -117.9292083,    846.90, 0, 0, 0, 0
Dose, 2018,  5, 26, 21, 16, 50,   34.5461662,  -117.9292073,    846.70, 0, 0, 0, 0
Dose, 2018,  5, 26, 21, 17,  0,   34.5461647,  -117.9292047,    846.90, 0, 0, 0, 0
Dose, 2018,  5, 26, 21, 17, 10,   34.5461660,  -117.9292053,    846.80, 0, 0, 0, 0
Dose, 2018,  5, 26, 21, 17, 20,   34.5461662,  -117.9292083,    846.20, 0, 0, 0, 0
Dose, 2018,  5, 26, 21, 17, 30,   34.5461665,  -117.9292123,    845.70, 0, 0, 0, 0
Dose, 2018,  5, 26, 21, 17, 40,   34.5461665,  -117.9292142,    846.20, 0, 0, 0, 0
Dose, 2018,  5, 26, 21, 17, 50,   34.5461677,  -117.9292157,    846.30, 0, 0, 0, 0
Dose, 2018,  5, 26, 21, 18,  0,   34.5461663,  -117.9292142,    846.40, 0, 0, 0, 0
Dose, 2018,  5, 26, 21, 18, 10,   34.5461692,  -117.9292138,    846.70, 0, 0, 0, 0
Dose, 2018,  5, 26, 21, 18, 20,   34.5461662,  -117.9292083,    847.10, 0, 0, 0, 0
Dose, 2018,  5, 26, 21, 18, 30,   34.5461667,  -117.9292035,    846.60, 0, 0, 0, 0
Dose, 2018,  5, 26, 21, 18, 40,   34.5461643,  -117.9291968,    846.90, 0, 0, 0, 0
Dose, 2018,  5, 26, 21, 18, 50,   34.5461640,  -117.9291922,    847.40, 0, 0, 0, 0
Dose, 2018,  5, 26, 21, 19,  0,   34.5461652,  -117.9291925,    848.10, 0, 0, 0, 0
Dose, 2018,  5, 26, 21, 19, 10,   34.5461627,  -117.9291888,    848.60, 0, 0, 0, 0
Dose, 2018,  5, 26, 21, 19, 20,   34.5461613,  -117.9291843,    849.20, 0, 0, 0, 0
Dose, 2018,  5, 26, 21, 19, 30,   34.5461610,  -117.9291852,    849.70, 0, 0, 0, 0
Dose, 2018,  5, 26, 21, 19, 40,   34.5461607,  -117.9291857,    849.70, 0, 0, 0, 0
Dose, 2018,  5, 26, 21, 19, 50,   34.5461617,  -117.9291885,    850.20, 0, 0, 0, 0
Dose, 2018,  5, 26, 21, 20,  0,   34.5461610,  -117.9291907,    851.10, 0, 0, 0, 0
Dose, 2018,  5, 26, 21, 20, 10,   34.5461608,  -117.9291892,    850.90, 0, 0, 0, 0
Dose, 2018,  5, 26, 21, 20, 20,   34.5461638,  -117.9291930,    850.80, 0, 0, 0, 0
Dose, 2018,  5, 26, 21, 20, 30,   34.5461665,  -117.9291992,    850.60, 0, 0, 0, 0
Dose, 2018,  5, 26, 21, 20, 40,   34.5461667,  -117.9292035,    850.10, 0, 0, 0, 0
Dose, 2018,  5, 26, 21, 20, 50,   34.5461682,  -117.9292063,    849.70, 0, 0, 0, 0
Dose, 2018,  5, 26, 21, 21,  0,   34.5461733,  -117.9292052,    848.80, 0, 0, 0, 0
Dose, 2018,  5, 26, 21, 21, 10,   34.5461750,  -117.9292020,    848.00, 0, 0, 0, 0
Dose, 2018,  5, 26, 21, 21, 20,   34.5461758,  -117.9291978,    846.90, 0, 0, 0, 0
Dose, 2018,  5, 26, 21, 21, 30,   34.5461750,  -117.9291972,    846.60, 0, 0, 0, 0
Dose, 2018,  5, 26, 21, 21, 40,   34.5461757,  -117.9291982,    846.70, 0, 0, 0, 0
Dose, 2018,  5, 26, 21, 21, 50,   34.5461755,  -117.9291983,    846.30, 0, 0, 0, 0
Dose, 2018,  5, 26, 21, 22,  0,   34.5461750,  -117.9291952,    846.90, 0, 0, 0, 0
Dose, 2018,  5, 26, 21, 22, 10,   34.5461707,  -117.9291892,    847.80, 0, 0, 0, 0
Dose, 2018,  5, 26, 21, 22, 20,   34.5461680,  -117.9291870,    848.30, 0, 0, 0, 0
Dose, 2018,  5, 26, 21, 22, 30,   34.5461670,  -117.9291782,    849.20, 0, 0, 0, 0
Dose, 2018,  5, 26, 21, 22, 40,   34.5461685,  -117.9291783,    849.30, 0, 0, 0, 0
Dose, 2018,  5, 26, 21, 22, 50,   34.5461702,  -117.9291785,    849.50, 0, 0, 0, 0
Dose, 2018,  5, 26, 21, 23,  0,   34.5461728,  -117.9291792,    848.80, 0, 0, 0, 0
Dose, 2018,  5, 26, 21, 23, 10,   34.5461738,  -117.9291815,    847.50, 0, 0, 0, 0
Dose, 2018,  5, 26, 21, 23, 20,   34.5461753,  -117.9291850,    846.30, 0, 0, 0, 0
Dose, 2018,  5, 26, 21, 23, 30,   34.5461760,  -117.9291885,    845.20, 0, 0, 0, 0
Dose, 2018,  5, 26, 21, 23, 40,   34.5461748,  -117.9291885,    845.20, 0, 0, 0, 0
Dose, 2018,  5, 26, 21, 23, 50,   34.5461730,  -117.9291837,    846.30, 0, 0, 0, 0
Dose, 2018,  5, 26, 21, 24,  0,   34.5461752,  -117.9291805,    847.60, 0, 0, 0, 0
Dose, 2018,  5, 26, 21, 24, 10,   34.5461712,  -117.9291778,    848.30, 0, 0, 0, 0
Dose, 2018,  5, 26, 21, 24, 20,   34.5461677,  -117.9291793,    848.20, 0, 0, 0, 0
Dose, 2018,  5, 26, 21, 24, 30,   34.5461692,  -117.9291890,    848.20, 0, 0, 0, 0
Dose, 2018,  5, 26, 21, 24, 40,   34.5461678,  -117.9291942,    848.00, 0, 0, 0, 0
Dose, 2018,  5, 26, 21, 24, 50,   34.5461688,  -117.9291967,    848.50, 0, 0, 0, 0
Dose, 2018,  5, 26, 21, 25,  0,   34.5461680,  -117.9291988,    848.90, 0, 0, 0, 0
Dose, 2018,  5, 26, 21, 25, 10,   34.5461693,  -117.9292030,    849.40, 0, 0, 0, 0
Dose, 2018,  5, 26, 21, 25, 20,   34.5461693,  -117.9291977,    849.00, 0, 0, 0, 0
Dose, 2018,  5, 26, 21, 25, 30,   34.5461698,  -117.9291985,    849.00, 0, 0, 0, 0
Dose, 2018,  5, 26, 21, 25, 40,   34.5461672,  -117.9291938,    848.70, 0, 0, 0, 0
Dose, 2018,  5, 26, 21, 25, 50,   34.5461653,  -117.9291922,    849.10, 0, 0, 0, 0
Dose, 2018,  5, 26, 21, 26,  0,   34.5461675,  -117.9291967,    850.80, 0, 0, 0, 0
Dose, 2018,  5, 26, 21, 26, 10,   34.5461658,  -117.9291968,    851.30, 0, 0, 0, 0
Dose, 2018,  5, 26, 21, 26, 20,   34.5461633,  -117.9291963,    850.60, 1, 0, 0, 0
Dose, 2018,  5, 26, 21, 26, 30,   34.5461663,  -117.9292040,    850.40, 0, 0, 0, 0
Dose, 2018,  5, 26, 21, 26, 40,   34.5461673,  -117.9292042,    849.30, 0, 0, 0, 0
Dose, 2018,  5, 26, 21, 26, 50,   34.5461693,  -117.9292058,    847.50, 0, 0, 0, 0
Dose, 2018,  5, 26, 21, 27,  0,   34.5461625,  -117.9292082,    847.20, 0, 0, 0, 0
Dose, 2018,  5, 26, 21, 27, 10,   34.5461600,  -117.9292083,    846.80, 0, 0, 0, 0
Dose, 2018,  5, 26, 21, 27, 20,   34.5461600,  -117.9292012,    846.40, 0, 0, 0, 0
Dose, 2018,  5, 26, 21, 27, 30,   34.5461590,  -117.9291950,    846.50, 0, 0, 0, 0
Dose, 2018,  5, 26, 21, 27, 40,   34.5461588,  -117.9291863,    846.80, 0, 0, 0, 0
Dose, 2018,  5, 26, 21, 27, 50,   34.5461612,  -117.9291818,    847.70, 0, 0, 0, 0
Dose, 2018,  5, 26, 21, 28,  0,   34.5461630,  -117.9291812,    848.00, 0, 0, 0, 0
Dose, 2018,  5, 26, 21, 28, 10,   34.5461643,  -117.9291788,    848.10, 0, 0, 0, 0
Dose, 2018,  5, 26, 21, 28, 20,   34.5461707,  -117.9291753,    848.00, 0, 0, 0, 0
Dose, 2018,  5, 26, 21, 28, 30,   34.5461743,  -117.9291785,    849.00, 0, 0, 0, 0
Dose, 2018,  5, 26, 21, 28, 40,   34.5461738,  -117.9291787,    849.60, 0, 0, 0, 0
Dose, 2018,  5, 26, 21, 28, 50,   34.5461747,  -117.9291748,    849.40, 0, 0, 0, 0
Dose, 2018,  5, 26, 21, 29,  0,   34.5461787,  -117.9291845,    849.80, 0, 0, 0, 0
Dose, 2018,  5, 26, 21, 29, 10,   34.5461795,  -117.9291950,    851.30, 0, 0, 0, 0
Dose, 2018,  5, 26, 21, 29, 20,   34.5461758,  -117.9291978,    852.20, 0, 0, 0, 0
Dose, 2018,  5, 26, 21, 29, 30,   34.5461748,  -117.9291952,    852.30, 0, 0, 0, 0
Dose, 2018,  5, 26, 21, 29, 40,   34.5461743,  -117.9291982,    852.30, 0, 0, 0, 0
Dose, 2018,  5, 26, 21, 29, 50,   34.5461703,  -117.9291970,    852.20, 0, 0, 0, 0
Dose, 2018,  5, 26, 21, 30,  0,   34.5461690,  -117.9291993,    852.50, 0, 0, 0, 0
Dose, 2018,  5, 26, 21, 30, 10,   34.5461707,  -117.9292037,    853.20, 0, 0, 0, 0
Dose, 2018,  5, 26, 21, 30, 20,   34.5461693,  -117.9292053,    853.50, 0, 0, 0, 0
Dose, 2018,  5, 26, 21, 30, 30,   34.5461705,  -117.9292055,    853.80, 0, 0, 0, 0
Dose, 2018,  5, 26, 21, 30, 40,   34.5461725,  -117.9291972,    852.60, 0, 0, 0, 0
Dose, 2018,  5, 26, 21, 30, 50,   34.5461747,  -117.9291875,    851.60, 0, 0, 0, 0
Dose, 2018,  5, 26, 21, 31,  0,   34.5461742,  -117.9291802,    851.00, 0, 0, 0, 0
Dose, 2018,  5, 26, 21, 31, 10,   34.5461745,  -117.9291808,    851.20, 0, 0, 0, 0
Dose, 2018,  5, 26, 21, 31, 20,   34.5461752,  -117.9291792,    851.20, 0, 0, 0, 0
Dose, 2018,  5, 26, 21, 31, 30,   34.5461730,  -117.9291800,    850.80, 0, 0, 0, 0
Dose, 2018,  5, 26, 21, 31, 40,   34.5461733,  -117.9291813,    850.60, 0, 0, 0, 1
Dose, 2018,  5, 26, 21, 31, 50,   34.5461745,  -117.9291838,    850.80, 0, 0, 0, 0
Dose, 2018,  5, 26, 21, 32,  0,   34.5461740,  -117.9291883,    851.20, 0, 0, 0, 0
Dose, 2018,  5, 26, 21, 32, 10,   34.5461710,  -117.9291855,    851.10, 0, 0, 0, 0
Dose, 2018,  5, 26, 21, 32, 20,   34.5461710,  -117.9291863,    851.20, 0, 0, 0, 0
Dose, 2018,  5, 26, 21, 32, 30,   34.5461710,  -117.9291822,    850.30, 0, 0, 0, 0
Dose, 2018,  5, 26, 21, 32, 40,   34.5461713,  -117.9291817,    850.10, 0, 0, 0, 0
Dose, 2018,  5, 26, 21, 32, 50,   34.5461705,  -117.9291780,    849.70, 0, 0, 0, 0
Dose, 2018,  5, 26, 21, 33,  0,   34.5461700,  -117.9291777,    849.10, 0, 0, 0, 0
Dose, 2018,  5, 26, 21, 33, 10,   34.5461733,  -117.9291787,    848.20, 0, 0, 0, 0
Dose, 2018,  5, 26, 21, 33, 20,   34.5461732,  -117.9291788,    847.60, 0, 0, 0, 0
Dose, 2018,  5, 26, 21, 33, 30,   34.5461703,  -117.9291793,    846.50, 0, 0, 0, 0
Dose, 2018,  5, 26, 21, 33, 40,   34.5461725,  -117.9291818,    846.60, 0, 0, 0, 0
Dose, 2018,  5, 26, 21, 33, 50,   34.5461748,  -117.9291830,    846.50, 0, 0, 0, 0
Dose, 2018,  5, 26, 21, 34,  0,   34.5461745,  -117.9291820,    845.80, 0, 0, 0, 0
Dose, 2018,  5, 26, 21, 34, 10,   34.5461767,  -117.9291847,    845.10, 0, 0, 0, 0
Dose, 2018,  5, 26, 21, 34, 20,   34.5461748,  -117.9291857,    844.00, 0, 0, 0, 0
Dose, 2018,  5, 26, 21, 34, 30,   34.5461727,  -117.9291862,    843.60, 0, 0, 0, 0
Dose, 2018,  5, 26, 21, 34, 40,   34.5461677,  -117.9291833,    843.70, 0, 0, 0, 0
Dose, 2018,  5, 26, 21, 34, 50,   34.5461655,  -117.9291858,    844.10, 0, 0, 0, 0
Dose, 2018,  5, 26, 21, 35,  0,   34.5461650,  -117.9291875,    844.30, 0, 0, 0, 0
Dose, 2018,  5, 26, 21, 35, 10,   34.5461635,  -117.9291900,    844.60, 0, 0, 0, 0
Dose, 2018,  5, 26, 21, 35, 20,   34.5461647,  -117.9291958,    845.10, 0, 0, 0, 0
Dose, 2018,  5, 26, 21, 35, 30,   34.5461653,  -117.9292062,    846.70, 0, 0, 0, 0
Dose, 2018,  5, 26, 21, 35, 40,   34.5461697,  -117.9292130,    848.10, 0, 0, 0, 0
Dose, 2018,  5, 26, 21, 35, 50,   34.5461657,  -117.9292093,    848.10, 0, 0, 0, 0
Dose, 2018,  5, 26, 21, 36,  0,   34.5461638,  -117.9292065,    848.50, 0, 0, 0, 0
Dose, 2018,  5, 26, 21, 36, 10,   34.5461603,  -117.9292040,    848.70, 0, 0, 0, 0
Dose, 2018,  5, 26, 21, 36, 20,   34.5461582,  -117.9292015,    848.30, 0, 0, 0, 0
Dose, 2018,  5, 26, 21, 36, 30,   34.5461547,  -117.9292047,    849.20, 0, 0, 0, 0
Dose, 2018,  5, 26, 21, 36, 40,   34.5461502,  -117.9291987,    848.70, 0, 0, 0, 0
Dose, 2018,  5, 26, 21, 36, 50,   34.5461503,  -117.9291963,    848.80, 0, 0, 0, 0
Dose, 2018,  5, 26, 21, 37,  0,   34.5461488,  -117.9291957,    848.70, 0, 0, 0, 0
Dose, 2018,  5, 26, 21, 37, 10,   34.5461493,  -117.9291952,    848.40, 0, 0, 0, 0
Dose, 2018,  5, 26, 21, 37, 20,   34.5461473,  -117.9291897,    848.10, 0, 0, 0, 0
Dose, 2018,  5, 26, 21, 37, 30,   34.5461465,  -117.9291853,    847.50, 0, 0, 0, 0
Dose, 2018,  5, 26, 21, 37, 40,   34.5461477,  -117.9291842,    847.30, 0, 0, 0, 0
Dose, 2018,  5, 26, 21, 37, 50,   34.5461460,  -117.9291853,    847.60, 0, 0, 0, 0
Dose, 2018,  5, 26, 21, 38,  0,   34.5461455,  -117.9291880,    847.60, 0, 0, 0, 0
Dose, 2018,  5, 26, 21, 38, 10,   34.5461500,  -117.9291888,    847.40, 0, 0, 0, 0
Dose, 2018,  5, 26, 21, 38, 20,   34.5461550,  -117.9291905,    847.50, 0, 0, 0, 0
Dose, 2018,  5, 26, 21, 38, 30,   34.5461583,  -117.9291925,    847.90, 0, 0, 0, 0
Dose, 2018,  5, 26, 21, 38, 40,   34.5461592,  -117.9291932,    848.60, 0, 0, 0, 0
Dose, 2018,  5, 26, 21, 38, 50,   34.5461612,  -117.9291963,    849.10, 0, 0, 0, 0
Dose, 2018,  5, 26, 21, 39,  0,   34.5461617,  -117.9291980,    849.40, 0, 0, 0, 0
Dose, 2018,  5, 26, 21, 39, 10,   34.5461633,  -117.9291995,    849.30, 0, 0, 0, 0
Dose, 2018,  5, 26, 21, 39, 20,   34.5461633,  -117.9291967,    848.90, 0, 0, 0, 0
Dose, 2018,  5, 26, 21, 39, 30,   34.5461635,  -117.9291933,    848.50, 0, 0, 0, 0
Dose, 2018,  5, 26, 21, 39, 40,   34.5461665,  -117.9291932,    847.60, 0, 0, 0, 0
Dose, 2018,  5, 26, 21, 39, 50,   34.5461697,  -117.9291965,    846.90, 0, 0, 0, 0
Dose, 2018,  5, 26, 21, 40,  0,   34.5461708,  -117.9291985,    846.40, 0, 0, 0, 0
Dose, 2018,  5, 26, 21, 40, 10,   34.5461702,  -117.9291995,    846.00, 0, 0, 0, 0
Dose, 2018,  5, 26, 21, 40, 20,   34.5461680,  -117.9291977,    845.50, 0, 0, 0, 0
Dose, 2018,  5, 26, 21, 40, 30,   34.5461675,  -117.9291970,    845.40, 0, 0, 0, 0
Dose, 2018,  5, 26, 21, 40, 40,   34.5461663,  -117.9291975,    845.40, 0, 0, 0, 0
Dose, 2018,  5, 26, 21, 40, 50,   34.5461675,  -117.9291993,    844.90, 0, 0, 0, 0
Dose, 2018,  5, 26, 21, 41,  0,   34.5461667,  -117.9291985,    844.70, 0, 0, 0, 0
Dose, 2018,  5, 26, 21, 41, 10,   34.5461673,  -117.9291985,    844.70, 0, 0, 0, 0
Dose, 2018,  5, 26, 21, 41, 20,   34.5461707,  -117.9292022,    845.90, 0, 0, 0, 0
Dose, 2018,  5, 26, 21, 41, 30,   34.5461722,  -117.9292073,    846.70, 0, 0, 0, 0
Dose, 2018,  5, 26, 21, 41, 40,   34.5461735,  -117.9292152,    848.10, 0, 0, 0, 0
Dose, 2018,  5, 26, 21, 41, 50,   34.5461773,  -117.9292177,    848.50, 0, 0, 0, 0
Dose, 2018,  5, 26, 21, 42,  0,   34.5461782,  -117.9292202,    848.50, 0, 0, 0, 0
Dose, 2018,  5, 26, 21, 42, 10,   34.5461812,  -117.9292172,    848.90, 0, 0, 0, 0
Dose, 2018,  5, 26, 21, 42, 20,   34.5461808,  -117.9292148,    849.70, 0, 0, 0, 0
Dose, 2018,  5, 26, 21, 42, 30,   34.5461823,  -117.9292097,    849.80, 0, 0, 0, 0
Dose, 2018,  5, 26, 21, 42, 40,   34.5461813,  -117.9292038,    848.60, 0, 0, 0, 0
Dose, 2018,  5, 26, 21, 42, 50,   34.5461822,  -117.9291997,    848.00, 0, 0, 0, 0
Dose, 2018,  5, 26, 21, 43,  0,   34.5461833,  -117.9291985,    847.40, 0, 0, 0, 0
Dose, 2018,  5, 26, 21, 43, 10,   34.5461810,  -117.9291985,    846.90, 0, 0, 0, 0
Dose, 2018,  5, 26, 21, 43, 20,   34.5461778,  -117.9291980,    845.00, 0, 0, 0, 0
Dose, 2018,  5, 26, 21, 43, 30,   34.5461732,  -117.9292012,    843.60, 0, 0, 0, 0
Dose, 2018,  5, 26, 21, 43, 40,   34.5461700,  -117.9292022,    843.20, 0, 0, 0, 0
Dose, 2018,  5, 26, 21, 43, 50,   34.5461682,  -117.9292032,    843.90, 0, 0, 0, 0
Dose, 2018,  5, 26, 21, 44,  0,   34.5461660,  -117.9292050,    844.60, 0, 0, 0, 0
Dose, 2018,  5, 26, 21, 44, 10,   34.5461698,  -117.9292060,    847.40, 0, 0, 0, 0
Dose, 2018,  5, 26, 21, 44, 20,   34.5461723,  -117.9292055,    848.60, 0, 0, 0, 0
Dose, 2018,  5, 26, 21, 44, 30,   34.5461743,  -117.9291983,    848.30, 0, 0, 0, 0
Dose, 2018,  5, 26, 21, 44, 40,   34.5461737,  -117.9291970,    848.20, 0, 0, 0, 0
Dose, 2018,  5, 26, 21, 44, 50,   34.5461750,  -117.9291990,    848.40, 0, 0, 0, 0
Dose, 2018,  5, 26, 21, 45,  0,   34.5461767,  -117.9292023,    848.60, 0, 0, 0, 0
Dose, 2018,  5, 26, 21, 45, 10,   34.5461787,  -117.9292003,    848.60, 0, 0, 0, 0
Dose, 2018,  5, 26, 21, 45, 20,   34.5461773,  -117.9291918,    847.80, 0, 0, 0, 0
Dose, 2018,  5, 26, 21, 45, 30,   34.5461762,  -117.9291893,    847.60, 0, 0, 0, 0
Dose, 2018,  5, 26, 21, 45, 40,   34.5461798,  -117.9291927,    848.30, 0, 0, 0, 0
Dose, 2018,  5, 26, 21, 45, 50,   34.5461812,  -117.9291888,    847.90, 0, 0, 0, 0
Dose, 2018,  5, 26, 21, 46,  0,   34.5461840,  -117.9291870,    847.90, 0, 0, 0, 0
Dose, 2018,  5, 26, 21, 46, 10,   34.5461798,  -117.9291773,    846.70, 0, 0, 0, 0
Dose, 2018,  5, 26, 21, 46, 20,   34.5461778,  -117.9291760,    846.70, 0, 0, 0, 0
Dose, 2018,  5, 26, 21, 46, 30,   34.5461770,  -117.9291748,    846.20, 0, 0, 0, 0
Dose, 2018,  5, 26, 21, 46, 40,   34.5461760,  -117.9291742,    846.00, 0, 0, 0, 0
Dose, 2018,  5, 26, 21, 46, 50,   34.5461768,  -117.9291780,    845.80, 0, 0, 0, 0
Dose, 2018,  5, 26, 21, 47,  0,   34.5461760,  -117.9291837,    845.70, 0, 0, 0, 0
Dose, 2018,  5, 26, 21, 47, 10,   34.5461733,  -117.9291850,    846.30, 0, 0, 0, 0
Dose, 2018,  5, 26, 21, 47, 20,   34.5461735,  -117.9291895,    847.20, 0, 0, 0, 0
Dose, 2018,  5, 26, 21, 47, 30,   34.5461710,  -117.9291928,    848.20, 0, 0, 0, 0
Dose, 2018,  5, 26, 21, 47, 40,   34.5461697,  -117.9291955,    848.60, 0, 0, 0, 0
Dose, 2018,  5, 26, 21, 47, 50,   34.5461672,  -117.9291922,    848.40, 0, 0, 0, 0
Dose, 2018,  5, 26, 21, 48,  0,   34.5461638,  -117.9291935,    848.80, 0, 0, 0, 0
Dose, 2018,  5, 26, 21, 48, 10,   34.5461667,  -117.9291930,    848.20, 0, 0, 0, 0
Dose, 2018,  5, 26, 21, 48, 20,   34.5461708,  -117.9291857,    847.00, 0, 0, 0, 0
Dose, 2018,  5, 26, 21, 48, 30,   34.5461758,  -117.9291883,    847.70, 0, 0, 0, 0
Dose, 2018,  5, 26, 21, 48, 40,   34.5461762,  -117.9291912,    848.10, 0, 0, 0, 0
Dose, 2018,  5, 26, 21, 48, 50,   34.5461765,  -117.9291843,    847.20, 0, 0, 0, 0
Dose, 2018,  5, 26, 21, 49,  0,   34.5461752,  -117.9291850,    847.50, 0, 0, 0, 0
Dose, 2018,  5, 26, 21, 49, 10,   34.5461765,  -117.9291840,    847.80, 0, 0, 0, 0
Dose, 2018,  5, 26, 21, 49, 20,   34.5461753,  -117.9291898,    848.40, 0, 0, 0, 0
Dose, 2018,  5, 26, 21, 49, 30,   34.5461733,  -117.9291952,    849.10, 0, 0, 0, 0
Dose, 2018,  5, 26, 21, 49, 40,   34.5461725,  -117.9292010,    849.70, 0, 0, 0, 0
Dose, 2018,  5, 26, 21, 49, 50,   34.5461688,  -117.9292037,    850.10, 0, 0, 0, 0
Dose, 2018,  5, 26, 21, 50,  0,   34.5461650,  -117.9292022,    849.90, 0, 0, 0, 0
Dose, 2018,  5, 26, 21, 50, 10,   34.5461623,  -117.9292008,    849.70, 0, 0, 0, 0
Dose, 2018,  5, 26, 21, 50, 20,   34.5461600,  -117.9291977,    849.20, 0, 0, 0, 0
Dose, 2018,  5, 26, 21, 50, 30,   34.5461607,  -117.9291912,    848.00, 0, 0, 0, 0
Dose, 2018,  5, 26, 21, 50, 40,   34.5461602,  -117.9291818,    847.00, 0, 0, 0, 0
Dose, 2018,  5, 26, 21, 50, 50,   34.5461602,  -117.9291847,    847.20, 0, 0, 0, 0
Dose, 2018,  5, 26, 21, 51,  0,   34.5461613,  -117.9291867,    847.80, 0, 0, 0, 0
Dose, 2018,  5, 26, 21, 51, 10,   34.5461638,  -117.9291867,    848.10, 0, 0, 0, 0
Dose, 2018,  5, 26, 21, 51, 20,   34.5461618,  -117.9291918,    848.80, 0, 0, 0, 0
Dose, 2018,  5, 26, 21, 51, 30,   34.5461580,  -117.9291997,    849.50, 0, 0, 0, 0
Dose, 2018,  5, 26, 21, 51, 40,   34.5461555,  -117.9292055,    850.30, 0, 0, 0, 0
Dose, 2018,  5, 26, 21, 51, 50,   34.5461578,  -117.9292130,    850.70, 0, 0, 0, 0
Dose, 2018,  5, 26, 21, 52,  0,   34.5461602,  -117.9292167,    851.20, 0, 0, 0, 0
Dose, 2018,  5, 26, 21, 52, 10,   34.5461620,  -117.9292130,    850.90, 0, 0, 0, 0
Dose, 2018,  5, 26, 21, 52, 20,   34.5461678,  -117.9292133,    851.60, 0, 0, 0, 0
Dose, 2018,  5, 26, 21, 52, 30,   34.5461682,  -117.9292075,    852.00, 0, 0, 0, 0
Dose, 2018,  5, 26, 21, 52, 40,   34.5461702,  -117.9291977,    851.30, 0, 0, 0, 0
Dose, 2018,  5, 26, 21, 52, 50,   34.5461697,  -117.9291940,    851.10, 0, 0, 0, 0
Dose, 2018,  5, 26, 21, 53,  0,   34.5461710,  -117.9291955,    851.60, 0, 0, 0, 0
Dose, 2018,  5, 26, 21, 53, 10,   34.5461700,  -117.9291958,    852.20, 0, 0, 0, 0
Dose, 2018,  5, 26, 21, 53, 20,   34.5461673,  -117.9292005,    853.30, 0, 0, 0, 0
Dose, 2018,  5, 26, 21, 53, 30,   34.5461657,  -117.9292042,    854.10, 0, 0, 0, 0
Dose, 2018,  5, 26, 21, 53, 40,   34.5461652,  -117.9292017,    853.90, 0, 0, 0, 0
Dose, 2018,  5, 26, 21, 53, 50,   34.5461643,  -117.9292015,    854.00, 0, 0, 0, 0
Dose, 2018,  5, 26, 21, 54,  0,   34.5461643,  -117.9292035,    853.90, 0, 0, 0, 0
Dose, 2018,  5, 26, 21, 54, 10,   34.5461640,  -117.9291978,    853.10, 0, 0, 0, 0
Dose, 2018,  5, 26, 21, 54, 20,   34.5461652,  -117.9291958,    852.30, 0, 0, 0, 1
Dose, 2018,  5, 26, 21, 54, 30,   34.5461650,  -117.9291933,    851.60, 0, 0, 0, 0
Dose, 2018,  5, 26, 21, 54, 40,   34.5461645,  -117.9291955,    851.00, 0, 0, 0, 0
Dose, 2018,  5, 26, 21, 54, 50,   34.5461660,  -117.9291908,    850.50, 0, 0, 0, 0
Dose, 2018,  5, 26, 21, 55,  0,   34.5461673,  -117.9291898,    850.10, 0, 0, 0, 0
Dose, 2018,  5, 26, 21, 55, 10,   34.5461670,  -117.9291900,    849.10, 0, 0, 0, 0
Dose, 2018,  5, 26, 21, 55, 20,   34.5461630,  -117.9291912,    848.90, 0, 0, 0, 0
Dose, 2018,  5, 26, 21, 55, 30,   34.5461625,  -117.9291973,    849.00, 0, 0, 0, 0
Dose, 2018,  5, 26, 21, 55, 40,   34.5461613,  -117.9291932,    849.30, 0, 0, 0, 0
Dose, 2018,  5, 26, 21, 55, 50,   34.5461622,  -117.9291920,    849.90, 0, 0, 0, 0
Dose, 2018,  5, 26, 21, 56,  0,   34.5461623,  -117.9291957,    849.70, 0, 0, 0, 0
Dose, 2018,  5, 26, 21, 56, 10,   34.5461632,  -117.9291943,    850.50, 0, 0, 0, 0
Dose, 2018,  5, 26, 21, 56, 20,   34.5461635,  -117.9291903,    850.90, 0, 0, 0, 0
Dose, 2018,  5, 26, 21, 56, 30,   34.5461595,  -117.9291915,    851.30, 0, 0, 0, 0
Dose, 2018,  5, 26, 21, 56, 40,   34.5461605,  -117.9291903,    851.10, 0, 0, 0, 0
Dose, 2018,  5, 26, 21, 56, 50,   34.5461590,  -117.9291927,    850.20, 0, 0, 0, 0
Dose, 2018,  5, 26, 21, 57,  0,   34.5461543,  -117.9292038,    850.70, 0, 0, 0, 0
Dose, 2018,  5, 26, 21, 57, 10,   34.5461523,  -117.9292058,    849.40, 0, 0, 0, 0
Dose, 2018,  5, 26, 21, 57, 20,   34.5461552,  -117.9292112,    848.40, 0, 0, 0, 0
Dose, 2018,  5, 26, 21, 57, 30,   34.5461570,  -117.9292140,    847.60, 0, 0, 0, 0
Dose, 2018,  5, 26, 21, 57, 40,   34.5461617,  -117.9292162,    847.60, 0, 0, 0, 0
Dose, 2018,  5, 26, 21, 57, 50,   34.5461628,  -117.9292168,    848.00, 0, 0, 0, 0
Dose, 2018,  5, 26, 21, 58,  0,   34.5461638,  -117.9292183,    848.30, 0, 0, 0, 0
Dose, 2018,  5, 26, 21, 58, 10,   34.5461643,  -117.9292220,    849.00, 0, 0, 0, 0
Dose, 2018,  5, 26, 21, 58, 20,   34.5461627,  -117.9292287,    849.80, 0, 0, 0, 0
Dose, 2018,  5, 26, 21, 58, 30,   34.5461633,  -117.9292322,    851.00, 0, 0, 0, 0
Dose, 2018,  5, 26, 21, 58, 40,   34.5461653,  -117.9292230,    850.40, 0, 0, 0, 0
Dose, 2018,  5, 26, 21, 58, 50,   34.5461665,  -117.9292182,    850.20, 0, 0, 0, 0
Dose, 2018,  5, 26, 21, 59,  0,   34.5461653,  -117.9292178,    850.50, 0, 0, 0, 0
Dose, 2018,  5, 26, 21, 59, 10,   34.5461677,  -117.9292183,    850.20, 0, 0, 0, 0
Dose, 2018,  5, 26, 21, 59, 20,   34.5461665,  -117.9292172,    850.00, 0, 0, 0, 0
Dose, 2018,  5, 26, 21, 59, 30,   34.5461667,  -117.9292185,    850.50, 0, 0, 0, 0
Dose, 2018,  5, 26, 21, 59, 40,   34.5461680,  -117.9292175,    851.50, 0, 0, 0, 0
Dose, 2018,  5, 26, 21, 59, 50,   34.5461682,  -117.9292152,    851.50, 0, 0, 0, 0
Dose, 2018,  5, 26, 22,  0,  0,   34.5461692,  -117.9292100,    851.90, 0, 0, 0, 0
Dose, 2018,  5, 26, 22,  0, 10,   34.5461687,  -117.9292097,    852.80, 0, 0, 0, 0
Dose, 2018,  5, 26, 22,  0, 20,   34.5461683,  -117.9292125,    853.50, 0, 0, 0, 0
Dose, 2018,  5, 26, 22,  0, 30,   34.5461680,  -117.9292125,    853.80, 0, 0, 0, 0
Dose, 2018,  5, 26, 22,  0, 40,   34.5461673,  -117.9292128,    854.30, 0, 0, 0, 0
Dose, 2018,  5, 26, 22,  0, 50,   34.5461688,  -117.9292140,    854.80, 0, 0, 0, 0
Dose, 2018,  5, 26, 22,  1,  0,   34.5461702,  -117.9292137,    855.50, 0, 0, 0, 0
Dose, 2018,  5, 26, 22,  1, 10,   34.5461703,  -117.9292128,    855.70, 0, 0, 0, 0
Dose, 2018,  5, 26, 22,  1, 20,   34.5461728,  -117.9292112,    855.50, 0, 0, 0, 0
Dose, 2018,  5, 26, 22,  1, 30,   34.5461737,  -117.9292128,    856.00, 0, 0, 0, 0
Dose, 2018,  5, 26, 22,  1, 40,   34.5461745,  -117.9292135,    856.60, 0, 0, 0, 0
Dose, 2018,  5, 26, 22,  1, 50,   34.5461742,  -117.9292110,    855.90, 0, 0, 0, 0
Dose, 2018,  5, 26, 22,  2,  0,   34.5461742,  -117.9292085,    855.70, 0, 0, 0, 0
Dose, 2018,  5, 26, 22,  2, 10,   34.5461727,  -117.9292028,    855.40, 0, 0, 0, 0
Dose, 2018,  5, 26, 22,  2, 20,   34.5461713,  -117.9291980,    852.70, 0, 0, 0, 0
Dose, 2018,  5, 26, 22,  2, 30,   34.5461688,  -117.9291970,    850.70, 0, 0, 0, 0
Dose, 2018,  5, 26, 22,  2, 40,   34.5461658,  -117.9292010,    850.70, 0, 0, 0, 0
Dose, 2018,  5, 26, 22,  2, 50,   34.5461638,  -117.9292015,    848.50, 0, 0, 0, 0
Dose, 2018,  5, 26, 22,  3,  0,   34.5461602,  -117.9292032,    848.20, 0, 0, 0, 0
Dose, 2018,  5, 26, 22,  3, 10,   34.5461560,  -117.9292047,    847.20, 0, 0, 0, 0
Dose, 2018,  5, 26, 22,  3, 20,   34.5461520,  -117.9292070,    846.80, 0, 0, 0, 0
Dose, 2018,  5, 26, 22,  3, 30,   34.5461497,  -117.9292108,    847.00, 0, 0, 0, 0
Dose, 2018,  5, 26, 22,  3, 40,   34.5461460,  -117.9292172,    846.30, 0, 0, 0, 0
Dose, 2018,  5, 26, 22,  3, 50,   34.5461500,  -117.9292170,    846.40, 0, 0, 0, 0
Dose, 2018,  5, 26, 22,  4,  0,   34.5461527,  -117.9292118,    847.10, 0, 0, 0, 0
Dose, 2018,  5, 26, 22,  4, 10,   34.5461562,  -117.9292077,    848.00, 0, 0, 0, 0
Dose, 2018,  5, 26, 22,  4, 20,   34.5461590,  -117.9292022,    848.60, 0, 0, 0, 0
Dose, 2018,  5, 26, 22,  4, 30,   34.5461613,  -117.9291992,    849.00, 0, 0, 0, 0
Dose, 2018,  5, 26, 22,  4, 40,   34.5461608,  -117.9291940,    849.00, 0, 0, 0, 0
Dose, 2018,  5, 26, 22,  4, 50,   34.5461580,  -117.9291925,    848.60, 0, 0, 0, 0
Dose, 2018,  5, 26, 22,  5,  0,   34.5461568,  -117.9291920,    848.30, 0, 0, 0, 0
Dose, 2018,  5, 26, 22,  5, 10,   34.5461550,  -117.9291895,    847.30, 0, 0, 0, 0
Dose, 2018,  5, 26, 22,  5, 20,   34.5461543,  -117.9291875,    847.10, 0, 0, 0, 0
Dose, 2018,  5, 26, 22,  5, 30,   34.5461547,  -117.9291848,    847.00, 0, 0, 0, 0
Dose, 2018,  5, 26, 22,  5, 40,   34.5461537,  -117.9291837,    847.30, 0, 0, 0, 0
Dose, 2018,  5, 26, 22,  5, 50,   34.5461557,  -117.9291843,    847.60, 0, 0, 0, 0
Dose, 2018,  5, 26, 22,  6,  0,   34.5461550,  -117.9291835,    848.00, 0, 0, 0, 0
Dose, 2018,  5, 26, 22,  6, 10,   34.5461577,  -117.9291818,    848.80, 0, 0, 0, 0
Dose, 2018,  5, 26, 22,  6, 20,   34.5461620,  -117.9291798,    850.10, 0, 0, 0, 0
Dose, 2018,  5, 26, 22,  6, 30,   34.5461663,  -117.9291815,    851.00, 0, 0, 0, 0
Dose, 2018,  5, 26, 22,  6, 40,   34.5461693,  -117.9291818,    851.70, 0, 0, 0, 0
Dose, 2018,  5, 26, 22,  6, 50,   34.5461735,  -117.9291802,    853.10, 0, 0, 0, 0
Dose, 2018,  5, 26, 22,  7,  0,   34.5461752,  -117.9291797,    854.20, 0, 0, 0, 0
Dose, 2018,  5, 26, 22,  7, 10,   34.5461738,  -117.9291850,    853.70, 0, 0, 0, 0
Dose, 2018,  5, 26, 22,  7, 20,   34.5461703,  -117.9291895,    852.40, 0, 0, 0, 0
Dose, 2018,  5, 26, 22,  7, 30,   34.5461667,  -117.9291948,    851.20, 0, 0, 0, 0
Dose, 2018,  5, 26, 22,  7, 40,   34.5461638,  -117.9291963,    850.10, 0, 0, 0, 0
Dose, 2018,  5, 26, 22,  7, 50,   34.5461600,  -117.9291983,    849.10, 0, 0, 0, 0
Dose, 2018,  5, 26, 22,  8,  0,   34.5461537,  -117.9292042,    847.50, 0, 0, 0, 0
Dose, 2018,  5, 26, 22,  8, 10,   34.5461488,  -117.9292083,    846.50, 0, 0, 0, 0
Dose, 2018,  5, 26, 22,  8, 20,   34.5461453,  -117.9292128,    846.00, 0, 0, 0, 0
Dose, 2018,  5, 26, 22,  8, 30,   34.5461428,  -117.9292127,    845.80, 0, 0, 0, 0
Dose, 2018,  5, 26, 22,  8, 40,   34.5461397,  -117.9292108,    845.70, 0, 0, 0, 0
Dose, 2018,  5, 26, 22,  8, 50,   34.5461407,  -117.9292112,    846.80, 0, 0, 0, 0
Dose, 2018,  5, 26, 22,  9,  0,   34.5461423,  -117.9292063,    847.90, 0, 0, 0, 0
Dose, 2018,  5, 26, 22,  9, 10,   34.5461420,  -117.9292052,    848.00, 0, 0, 0, 0
Dose, 2018,  5, 26, 22,  9, 20,   34.5461390,  -117.9292047,    848.00, 0, 0, 0, 0
Dose, 2018,  5, 26, 22,  9, 30,   34.5461385,  -117.9292020,    848.10, 0, 0, 0, 0
Dose, 2018,  5, 26, 22,  9, 40,   34.5461403,  -117.9291983,    848.40, 0, 0, 0, 0
Dose, 2018,  5, 26, 22,  9, 50,   34.5461403,  -117.9291963,    848.20, 0, 0, 0, 0
Dose, 2018,  5, 26, 22, 10,  0,   34.5461377,  -117.9291983,    847.60, 0, 0, 0, 0
Dose, 2018,  5, 26, 22, 10, 10,   34.5461405,  -117.9291968,    848.20, 0, 0, 0, 0
Dose, 2018,  5, 26, 22, 10, 20,   34.5461413,  -117.9292003,    848.00, 0, 0, 0, 0
Dose, 2018,  5, 26, 22, 10, 30,   34.5461402,  -117.9292017,    847.30, 0, 0, 0, 0
Dose, 2018,  5, 26, 22, 10, 40,   34.5461397,  -117.9291995,    846.20, 0, 0, 0, 0
Dose, 2018,  5, 26, 22, 10, 50,   34.5461390,  -117.9292017,    846.20, 0, 0, 0, 0
Dose, 2018,  5, 26, 22, 11,  0,   34.5461408,  -117.9292003,    845.70, 0, 0, 0, 0
Dose, 2018,  5, 26, 22, 11, 10,   34.5461413,  -117.9291998,    845.40, 0, 0, 0, 0
Dose, 2018,  5, 26, 22, 11, 20,   34.5461432,  -117.9291988,    845.60, 0, 0, 0, 0
Dose, 2018,  5, 26, 22, 11, 30,   34.5461458,  -117.9291980,    846.00, 0, 0, 0, 0
Dose, 2018,  5, 26, 22, 11, 40,   34.5461483,  -117.9291995,    846.80, 0, 0, 0, 0
Dose, 2018,  5, 26, 22, 11, 50,   34.5461525,  -117.9291997,    848.20, 0, 0, 0, 0
Dose, 2018,  5, 26, 22, 12,  0,   34.5461552,  -117.9292017,    848.50, 0, 0, 0, 0
Dose, 2018,  5, 26, 22, 12, 10,   34.5461562,  -117.9292030,    848.70, 0, 0, 0, 0
Dose, 2018,  5, 26, 22, 12, 20,   34.5461547,  -117.9291995,    849.10, 0, 0, 0, 0
Dose, 2018,  5, 26, 22, 12, 30,   34.5461533,  -117.9291983,    849.10, 0, 0, 0, 0
Dose, 2018,  5, 26, 22, 12, 40,   34.5461528,  -117.9291960,    849.40, 0, 0, 0, 0
Dose, 2018,  5, 26, 22, 12, 50,   34.5461535,  -117.9291942,    849.60, 0, 0, 0, 0
Dose, 2018,  5, 26, 22, 13,  0,   34.5461543,  -117.9291930,    849.70, 0, 0, 0, 0
Dose, 2018,  5, 26, 22, 13, 10,   34.5461575,  -117.9291878,    850.40, 0, 0, 0, 0
Dose, 2018,  5, 26, 22, 13, 20,   34.5461615,  -117.9291852,    851.10, 0, 0, 0, 0
Dose, 2018,  5, 26, 22, 13, 30,   34.5461618,  -117.9291827,    851.20, 0, 0, 0, 0
Dose, 2018,  5, 26, 22, 13, 40,   34.5461610,  -117.9291797,    851.30, 0, 0, 0, 0
Dose, 2018,  5, 26, 22, 13, 50,   34.5461627,  -117.9291793,    851.70, 0, 0, 0, 0
Dose, 2018,  5, 26, 22, 14,  0,   34.5461617,  -117.9291813,    851.60, 0, 0, 0, 0
Dose, 2018,  5, 26, 22, 14, 10,   34.5461568,  -117.9291878,    851.00, 0, 0, 0, 0
Dose, 2018,  5, 26, 22, 14, 20,   34.5461552,  -117.9291900,    850.80, 0, 0, 0, 0
Dose, 2018,  5, 26, 22, 14, 30,   34.5461522,  -117.9291925,    849.80, 0, 0, 0, 0
Dose, 2018,  5, 26, 22, 14, 40,   34.5461523,  -117.9291977,    849.10, 0, 0, 0, 0
Dose, 2018,  5, 26, 22, 14, 50,   34.5461497,  -117.9292017,    848.40, 0, 0, 0, 0
Dose, 2018,  5, 26, 22, 15,  0,   34.5461463,  -117.9292065,    847.30, 0, 0, 0, 0
Dose, 2018,  5, 26, 22, 15, 10,   34.5461480,  -117.9292098,    846.80, 0, 0, 0, 0
Dose, 2018,  5, 26, 22, 15, 20,   34.5461527,  -117.9292128,    847.00, 0, 0, 0, 0
Dose, 2018,  5, 26, 22, 15, 30,   34.5461570,  -117.9292127,    847.20, 0, 0, 0, 0
Dose, 2018,  5, 26, 22, 15, 40,   34.5461592,  -117.9292108,    847.70, 0, 0, 0, 0
Dose, 2018,  5, 26, 22, 15, 50,   34.5461650,  -117.9292100,    848.40, 0, 0, 0, 0
Dose, 2018,  5, 26, 22, 16,  0,   34.5461728,  -117.9292080,    849.50, 0, 0, 0, 0
Dose, 2018,  5, 26, 22, 16, 10,   34.5461738,  -117.9292045,    849.00, 0, 0, 0, 0
Dose, 2018,  5, 26, 22, 16, 20,   34.5461737,  -117.9292010,    848.50, 0, 0, 0, 0
Dose, 2018,  5, 26, 22, 16, 30,   34.5461713,  -117.9291998,    848.00, 0, 0, 0, 0
Dose, 2018,  5, 26, 22, 16, 40,   34.5461707,  -117.9291968,    848.10, 0, 0, 0, 0
Dose, 2018,  5, 26, 22, 16, 50,   34.5461650,  -117.9291940,    847.80, 0, 0, 0, 0
Dose, 2018,  5, 26, 22, 17,  0,   34.5461572,  -117.9291895,    847.80, 0, 0, 0, 0
Dose, 2018,  5, 26, 22, 17, 10,   34.5461568,  -117.9291897,    848.20, 0, 0, 0, 0
Dose, 2018,  5, 26, 22, 17, 20,   34.5461537,  -117.9291905,    848.40, 0, 0, 0, 0
Dose, 2018,  5, 26, 22, 17, 30,   34.5461565,  -117.9291898,    848.70, 0, 0, 0, 0
Dose, 2018,  5, 26, 22, 17, 40,   34.5461593,  -117.9291900,    849.20, 0, 0, 0, 0
Dose, 2018,  5, 26, 22, 17, 50,   34.5461630,  -117.9291955,    849.00, 0, 0, 0, 0
Dose, 2018,  5, 26, 22, 18,  0,   34.5461663,  -117.9291995,    848.70, 0, 0, 0, 0
Dose, 2018,  5, 26, 22, 18, 10,   34.5461755,  -117.9292008,    849.30, 0, 0, 0, 0
Dose, 2018,  5, 26, 22, 18, 20,   34.5461710,  -117.9292058,    848.20, 0, 0, 0, 0
Dose, 2018,  5, 26, 22, 18, 30,   34.5461698,  -117.9292120,    848.00, 0, 0, 0, 0
Dose, 2018,  5, 26, 22, 18, 40,   34.5461687,  -117.9292155,    847.80, 0, 0, 0, 0
Dose, 2018,  5, 26, 22, 18, 50,   34.5461702,  -117.9292173,    847.80, 0, 0, 0, 0
Dose, 2018,  5, 26, 22, 19,  0,   34.5461732,  -117.9292173,    848.00, 0, 0, 0, 0
Dose, 2018,  5, 26, 22, 19, 10,   34.5461665,  -117.9292203,    846.80, 0, 0, 0, 0
Dose, 2018,  5, 26, 22, 19, 20,   34.5461590,  -117.9292162,    846.10, 0, 0, 0, 0
Dose, 2018,  5, 26, 22, 19, 30,   34.5461582,  -117.9292112,    846.60, 0, 0, 0, 0
Dose, 2018,  5, 26, 22, 19, 40,   34.5461573,  -117.9292062,    846.90, 0, 0, 0, 0
Dose, 2018,  5, 26, 22, 19, 50,   34.5461577,  -117.9292018,    847.70, 0, 0, 0, 0
Dose, 2018,  5, 26, 22, 20,  0,   34.5461592,  -117.9291982,    848.50, 0, 0, 0, 0
Dose, 2018,  5, 26, 22, 20, 10,   34.5461627,  -117.9291935,    849.20, 0, 0, 0, 0
Dose, 2018,  5, 26, 22, 20, 20,   34.5461633,  -117.9291905,    849.20, 0, 0, 0, 0
Dose, 2018,  5, 26, 22, 20, 30,   34.5461697,  -117.9291850,    849.90, 0, 0, 0, 0
Dose, 2018,  5, 26, 22, 20, 40,   34.5461725,  -117.9291840,    850.10, 0, 0, 0, 0
Dose, 2018,  5, 26, 22, 20, 50,   34.5461712,  -117.9291848,    850.10, 0, 0, 0, 0
Dose, 2018,  5, 26, 22, 21,  0,   34.5461698,  -117.9291863,    849.70, 0, 0, 0, 0
Dose, 2018,  5, 26, 22, 21, 10,   34.5461635,  -117.9291920,    848.00, 0, 0, 0, 0
Dose, 2018,  5, 26, 22, 21, 20,   34.5461463,  -117.9292032,    845.10, 0, 0, 0, 0
Dose, 2018,  5, 26, 22, 21, 30,   34.5461413,  -117.9292045,    844.60, 0, 0, 0, 0
Dose, 2018,  5, 26, 22, 21, 40,   34.5461372,  -117.9292045,    844.60, 0, 0, 0, 0
Dose, 2018,  5, 26, 22, 21, 50,   34.5461430,  -117.9292012,    846.30, 0, 0, 0, 0
Dose, 2018,  5, 26, 22, 22,  0,   34.5461487,  -117.9292002,    847.50, 0, 0, 0, 0
Dose, 2018,  5, 26, 22, 22, 10,   34.5461555,  -117.9291975,    848.20, 0, 0, 0, 0
Dose, 2018,  5, 26, 22, 22, 20,   34.5461615,  -117.9291978,    848.30, 0, 0, 0, 0
Dose, 2018,  5, 26, 22, 22, 30,   34.5461640,  -117.9291993,    848.30, 0, 0, 0, 0
Dose, 2018,  5, 26, 22, 22, 40,   34.5461653,  -117.9292017,    848.30, 0, 0, 0, 0
Dose, 2018,  5, 26, 22, 22, 50,   34.5461687,  -117.9292037,    848.50, 0, 0, 0, 0
Dose, 2018,  5, 26, 22, 23,  0,   34.5461723,  -117.9292015,    849.20, 0, 0, 0, 0
Dose, 2018,  5, 26, 22, 23, 10,   34.5461365,  -117.9292078,    849.80, 0, 0, 0, 0
Dose, 2018,  5, 26, 22, 23, 20,   34.5461268,  -117.9292052,    850.10, 0, 0, 0, 0
Dose, 2018,  5, 26, 22, 23, 30,   34.5461375,  -117.9292093,    852.20, 0, 0, 0, 0
Dose, 2018,  5, 26, 22, 23, 40,   34.5461395,  -117.9292155,    853.10, 0, 0, 0, 0
Dose, 2018,  5, 26, 22, 23, 50,   34.5461317,  -117.9292177,    853.10, 0, 0, 0, 0
Dose, 2018,  5, 26, 22, 24,  0,   34.5461363,  -117.9292165,    854.80, 0, 0, 0, 0
Dose, 2018,  5, 26, 22, 24, 10,   34.5461420,  -117.9292140,    856.00, 0, 0, 0, 0
Dose, 2018,  5, 26, 22, 24, 20,   34.5461473,  -117.9292132,    857.40, 0, 0, 0, 0
Dose, 2018,  5, 26, 22, 24, 30,   34.5461528,  -117.9292128,    858.30, 0, 0, 0, 0
Dose, 2018,  5, 26, 22, 24, 40,   34.5461458,  -117.9292148,    857.80, 0, 0, 0, 0
Dose, 2018,  5, 26, 22, 24, 50,   34.5461443,  -117.9292137,    857.50, 0, 0, 0, 0
Dose, 2018,  5, 26, 22, 25,  0,   34.5461448,  -117.9292155,    857.00, 0, 0, 0, 0
Dose, 2018,  5, 26, 22, 25, 10,   34.5461382,  -117.9292163,    855.80, 0, 0, 0, 0
