Dose,    0,  0,  0,  0,  0, 10,    0.0000000,     0.0000000,      0.00, 0, 0, 0, 0
Dose,    0,  0,  0,  0,  0, 20,    0.0000000,     0.0000000,      0.00, 0, 0, 0, 0
Dose,    0,  0,  0,  0,  0, 30,    0.0000000,     0.0000000,      0.00, 0, 0, 0, 0
Dose,    0,  0,  0,  0,  0, 40,    0.0000000,     0.0000000,      0.00, 0, 0, 0, 0
Dose,    0,  0,  0,  0,  0, 50,    0.0000000,     0.0000000,      0.00, 0, 0, 0, 0
Dose,    0,  0,  0,  0,  1,  0,    0.0000000,     0.0000000,      0.00, 0, 0, 0, 0
Dose,    0,  0,  0,  0,  1, 10,    0.0000000,     0.0000000,      0.00, 0, 0, 0, 0
Dose,    0,  0,  0,  0,  1, 20,    0.0000000,     0.0000000,      0.00, 0, 0, 0, 0
Dose,    0,  0,  0,  0,  1, 30,    0.0000000,     0.0000000,      0.00, 0, 0, 0, 0
Dose,    0,  0,  0,  0,  1, 40,    0.0000000,     0.0000000,      0.00, 0, 0, 0, 0
Dose,    0,  0,  0,  0,  1, 50,    0.0000000,     0.0000000,      0.00, 0, 0, 0, 0
Dose,    0,  0,  0,  0,  2,  0,    0.0000000,     0.0000000,      0.00, 0, 0, 0, 0
Dose,    0,  0,  0,  0,  2, 10,    0.0000000,     0.0000000,      0.00, 0, 0, 0, 0
Dose,    0,  0,  0,  0,  2, 20,    0.0000000,     0.0000000,      0.00, 0, 0, 0, 0
Dose,    0,  0,  0,  0,  2, 30,    0.0000000,     0.0000000,      0.00, 0, 0, 0, 0
Dose,    0,  0,  0,  0,  2, 40,    0.0000000,     0.0000000,      0.00, 0, 0, 0, 0
Dose,    0,  0,  0,  0,  2, 50,    0.0000000,     0.0000000,      0.00, 0, 0, 0, 0
Dose,    0,  0,  0,  0,  3,  0,    0.0000000,     0.0000000,      0.00, 0, 0, 0, 0
Dose,    0,  0,  0,  0,  3, 10,    0.0000000,     0.0000000,      0.00, 0, 0, 0, 0
Dose,    0,  0,  0,  0,  3, 20,    0.0000000,     0.0000000,      0.00, 0, 0, 0, 0
Dose,    0,  0,  0,  0,  3, 30,    0.0000000,     0.0000000,      0.00, 0, 0, 0, 0
Dose,    0,  0,  0,  0,  3, 40,    0.0000000,     0.0000000,      0.00, 0, 0, 0, 0
Dose,    0,  0,  0,  0,  3, 50,    0.0000000,     0.0000000,      0.00, 0, 0, 0, 0
Dose,    0,  0,  0,  0,  4,  0,    0.0000000,     0.0000000,      0.00, 0, 0, 0, 0
Dose,    0,  0,  0,  0,  4, 10,    0.0000000,     0.0000000,      0.00, 0, 0, 0, 0
Dose,    0,  0,  0,  0,  4, 20,    0.0000000,     0.0000000,      0.00, 0, 0, 0, 0
Dose,    0,  0,  0,  0,  4, 30,    0.0000000,     0.0000000,      0.00, 0, 0, 0, 0
Dose,    0,  0,  0,  0,  4, 40,    0.0000000,     0.0000000,      0.00, 0, 0, 0, 0
Dose,    0,  0,  0,  0,  4, 50,    0.0000000,     0.0000000,      0.00, 0, 0, 0, 0
Dose,    0,  0,  0,  0,  5,  0,    0.0000000,     0.0000000,      0.00, 0, 0, 0, 0
Dose,    0,  0,  0,  0,  5, 10,    0.0000000,     0.0000000,      0.00, 0, 0, 0, 0
Dose,    0,  0,  0,  0,  5, 20,    0.0000000,     0.0000000,      0.00, 0, 0, 0, 0
Dose,    0,  0,  0,  0,  5, 30,    0.0000000,     0.0000000,      0.00, 0, 0, 0, 0
Dose,    0,  0,  0,  0,  5, 40,    0.0000000,     0.0000000,      0.00, 0, 0, 0, 0
Dose,    0,  0,  0,  0,  5, 50,    0.0000000,     0.0000000,      0.00, 0, 0, 0, 0
Dose,    0,  0,  0,  0,  6,  0,    0.0000000,     0.0000000,      0.00, 0, 0, 0, 0
Dose,    0,  0,  0,  0,  6, 10,    0.0000000,     0.0000000,      0.00, 0, 0, 0, 0
Dose,    0,  0,  0,  0,  6, 20,    0.0000000,     0.0000000,      0.00, 0, 0, 0, 0
Dose,    0,  0,  0,  0,  6, 30,    0.0000000,     0.0000000,      0.00, 0, 0, 0, 0
Dose,    0,  0,  0,  0,  6, 40,    0.0000000,     0.0000000,      0.00, 0, 0, 0, 0
Dose,    0,  0,  0,  0,  6, 50,    0.0000000,     0.0000000,      0.00, 0, 0, 0, 0
Dose,    0,  0,  0,  0,  7,  0,    0.0000000,     0.0000000,      0.00, 0, 0, 0, 0
Dose,    0,  0,  0,  0,  7, 10,    0.0000000,     0.0000000,      0.00, 0, 0, 0, 0
Dose,    0,  0,  0,  0,  7, 20,    0.0000000,     0.0000000,      0.00, 0, 0, 0, 0
Dose,    0,  0,  0,  0,  7, 30,    0.0000000,     0.0000000,      0.00, 0, 0, 0, 0
Dose,    0,  0,  0,  0,  7, 40,    0.0000000,     0.0000000,      0.00, 0, 0, 0, 0
Dose,    0,  0,  0,  0,  7, 50,    0.0000000,     0.0000000,      0.00, 0, 0, 0, 0
Dose,    0,  0,  0,  0,  8,  0,    0.0000000,     0.0000000,      0.00, 0, 0, 0, 0
Dose,    0,  0,  0,  0,  8, 10,    0.0000000,     0.0000000,      0.00, 0, 0, 0, 0
Dose,    0,  0,  0,  0,  8, 20,    0.0000000,     0.0000000,      0.00, 0, 0, 0, 0
Dose,    0,  0,  0,  0,  8, 30,    0.0000000,     0.0000000,      0.00, 0, 0, 0, 0
Dose,    0,  0,  0,  0,  8, 40,    0.0000000,     0.0000000,      0.00, 0, 0, 0, 0
Dose,    0,  0,  0,  0,  8, 50,    0.0000000,     0.0000000,      0.00, 0, 0, 0, 0
Dose,    0,  0,  0,  0,  9,  0,    0.0000000,     0.0000000,      0.00, 0, 0, 0, 0
Dose,    0,  0,  0,  0,  9, 10,    0.0000000,     0.0000000,      0.00, 0, 0, 0, 0
Dose,    0,  0,  0,  0,  9, 20,    0.0000000,     0.0000000,      0.00, 0, 0, 0, 0
Dose,    0,  0,  0,  0,  9, 30,    0.0000000,     0.0000000,      0.00, 0, 0, 0, 0
Dose,    0,  0,  0,  0,  9, 40,    0.0000000,     0.0000000,      0.00, 0, 0, 0, 0
Dose,    0,  0,  0,  0,  9, 50,    0.0000000,     0.0000000,      0.00, 0, 0, 0, 0
Dose,    0,  0,  0,  0, 10,  0,    0.0000000,     0.0000000,      0.00, 0, 0, 0, 0
Dose,    0,  0,  0,  0, 10, 10,    0.0000000,     0.0000000,      0.00, 0, 0, 0, 0
Dose,    0,  0,  0,  0, 10, 20,    0.0000000,     0.0000000,      0.00, 0, 0, 0, 0
Dose,    0,  0,  0,  0, 10, 30,    0.0000000,     0.0000000,      0.00, 0, 0, 0, 0
Dose,    0,  0,  0,  0, 10, 40,    0.0000000,     0.0000000,      0.00, 0, 0, 0, 0
Dose,    0,  0,  0,  0, 10, 50,    0.0000000,     0.0000000,      0.00, 0, 0, 0, 0
Dose,    0,  0,  0,  0, 11,  0,    0.0000000,     0.0000000,      0.00, 0, 0, 0, 0
Dose,    0,  0,  0,  0, 11, 10,    0.0000000,     0.0000000,      0.00, 0, 0, 0, 0
Dose,    0,  0,  0,  0, 11, 20,    0.0000000,     0.0000000,      0.00, 0, 0, 0, 0
Dose,    0,  0,  0,  0, 11, 30,    0.0000000,     0.0000000,      0.00, 0, 0, 0, 0
Dose,    0,  0,  0,  0, 11, 40,    0.0000000,     0.0000000,      0.00, 0, 0, 0, 0
Dose,    0,  0,  0,  0, 11, 50,    0.0000000,     0.0000000,      0.00, 0, 0, 0, 0
Dose,    0,  0,  0,  0, 12,  0,    0.0000000,     0.0000000,      0.00, 0, 0, 0, 0
Dose,    0,  0,  0,  0, 12, 10,    0.0000000,     0.0000000,      0.00, 0, 0, 0, 0
Dose,    0,  0,  0,  0, 12, 20,    0.0000000,     0.0000000,      0.00, 0, 0, 0, 0
Dose,    0,  0,  0,  0, 12, 30,    0.0000000,     0.0000000,      0.00, 0, 0, 0, 0
Dose,    0,  0,  0,  0, 12, 40,    0.0000000,     0.0000000,      0.00, 0, 0, 0, 0
Dose,    0,  0,  0,  0, 12, 50,    0.0000000,     0.0000000,      0.00, 0, 0, 0, 0
Dose,    0,  0,  0,  0, 13,  0,    0.0000000,     0.0000000,      0.00, 0, 0, 0, 0
Dose,    0,  0,  0,  0, 13, 10,    0.0000000,     0.0000000,      0.00, 0, 0, 0, 0
Dose,    0,  0,  0,  0, 13, 20,    0.0000000,     0.0000000,      0.00, 0, 0, 0, 0
Dose,    0,  0,  0,  0, 13, 30,    0.0000000,     0.0000000,      0.00, 0, 0, 0, 0
Dose,    0,  0,  0,  0, 13, 40,    0.0000000,     0.0000000,      0.00, 0, 0, 0, 0
Dose,    0,  0,  0,  0, 13, 50,    0.0000000,     0.0000000,      0.00, 0, 0, 0, 0
Dose,    0,  0,  0,  0, 14,  0,    0.0000000,     0.0000000,      0.00, 0, 0, 0, 0
Dose,    0,  0,  0,  0, 14, 10,    0.0000000,     0.0000000,      0.00, 0, 0, 0, 0
Dose,    0,  0,  0,  0, 14, 20,    0.0000000,     0.0000000,      0.00, 0, 0, 0, 0
Dose,    0,  0,  0,  0, 14, 30,    0.0000000,     0.0000000,      0.00, 0, 0, 0, 0
Dose,    0,  0,  0,  0, 14, 40,    0.0000000,     0.0000000,      0.00, 0, 0, 0, 0
Dose,    0,  0,  0,  0, 14, 50,    0.0000000,     0.0000000,      0.00, 0, 0, 0, 0
Dose,    0,  0,  0,  0, 15,  0,    0.0000000,     0.0000000,      0.00, 0, 0, 0, 0
Dose,    0,  0,  0,  0, 15, 10,    0.0000000,     0.0000000,      0.00, 0, 0, 0, 0
Dose,    0,  0,  0,  0, 15, 20,    0.0000000,     0.0000000,      0.00, 0, 0, 0, 0
Dose,    0,  0,  0,  0, 15, 30,    0.0000000,     0.0000000,      0.00, 0, 0, 0, 0
Dose,    0,  0,  0,  0, 15, 40,    0.0000000,     0.0000000,      0.00, 0, 0, 0, 0
Dose,    0,  0,  0,  0, 15, 50,    0.0000000,     0.0000000,      0.00, 0, 0, 0, 0
Dose,    0,  0,  0,  0, 16,  0,    0.0000000,     0.0000000,      0.00, 0, 0, 0, 0
Dose,    0,  0,  0,  0, 16, 10,    0.0000000,     0.0000000,      0.00, 0, 0, 0, 0
Dose,    0,  0,  0,  0, 16, 20,    0.0000000,     0.0000000,      0.00, 0, 0, 0, 0
Dose,    0,  0,  0,  0, 16, 30,    0.0000000,     0.0000000,      0.00, 0, 0, 0, 0
Dose,    0,  0,  0,  0, 16, 40,    0.0000000,     0.0000000,      0.00, 0, 0, 0, 0
Dose,    0,  0,  0,  0, 16, 50,    0.0000000,     0.0000000,      0.00, 0, 0, 0, 0
Dose,    0,  0,  0,  0, 17,  0,    0.0000000,     0.0000000,      0.00, 0, 0, 0, 0
Dose,    0,  0,  0,  0, 17, 10,    0.0000000,     0.0000000,      0.00, 0, 0, 0, 0
Dose,    0,  0,  0,  0, 17, 20,    0.0000000,     0.0000000,      0.00, 0, 0, 0, 0
Dose,    0,  0,  0,  0, 17, 30,    0.0000000,     0.0000000,      0.00, 0, 0, 0, 0
Dose,    0,  0,  0,  0, 17, 40,    0.0000000,     0.0000000,      0.00, 0, 0, 0, 0
Dose,    0,  0,  0,  0, 17, 50,    0.0000000,     0.0000000,      0.00, 0, 0, 0, 0
Dose,    0,  0,  0,  0, 18,  0,    0.0000000,     0.0000000,      0.00, 0, 0, 0, 0
Dose,    0,  0,  0,  0, 18, 10,    0.0000000,     0.0000000,      0.00, 0, 0, 0, 0
Dose,    0,  0,  0,  0, 18, 20,    0.0000000,     0.0000000,      0.00, 0, 0, 0, 0
Dose,    0,  0,  0,  0, 18, 30,    0.0000000,     0.0000000,      0.00, 0, 0, 0, 0
Dose,    0,  0,  0,  0, 18, 40,    0.0000000,     0.0000000,      0.00, 0, 0, 0, 0
Dose,    0,  0,  0,  0, 18, 50,    0.0000000,     0.0000000,      0.00, 0, 0, 0, 0
Dose,    0,  0,  0,  0, 19,  0,    0.0000000,     0.0000000,      0.00, 0, 0, 0, 0
Dose,    0,  0,  0,  0, 19, 10,    0.0000000,     0.0000000,      0.00, 0, 0, 0, 0
Dose,    0,  0,  0,  0, 19, 20,    0.0000000,     0.0000000,      0.00, 0, 0, 0, 0
Dose,    0,  0,  0,  0, 19, 30,    0.0000000,     0.0000000,      0.00, 0, 0, 0, 0
Dose,    0,  0,  0,  0, 19, 40,    0.0000000,     0.0000000,      0.00, 0, 0, 0, 0
Dose,    0,  0,  0,  0, 19, 50,    0.0000000,     0.0000000,      0.00, 0, 0, 0, 0
Dose,    0,  0,  0,  0, 20,  0,    0.0000000,     0.0000000,      0.00, 0, 0, 0, 0
Dose,    0,  0,  0,  0, 20, 10,    0.0000000,     0.0000000,      0.00, 0, 0, 0, 0
Dose,    0,  0,  0,  0, 20, 20,    0.0000000,     0.0000000,      0.00, 0, 0, 0, 0
Dose,    0,  0,  0,  0, 20, 30,    0.0000000,     0.0000000,      0.00, 0, 0, 0, 0
Dose,    0,  0,  0,  0, 20, 40,    0.0000000,     0.0000000,      0.00, 0, 0, 0, 0
Dose,    0,  0,  0,  0, 20, 50,    0.0000000,     0.0000000,      0.00, 0, 0, 0, 0
Dose,    0,  0,  0,  0, 21,  0,    0.0000000,     0.0000000,      0.00, 0, 0, 0, 0
Dose,    0,  0,  0,  0, 21, 10,    0.0000000,     0.0000000,      0.00, 0, 0, 0, 0
Dose,    0,  0,  0,  0, 21, 20,    0.0000000,     0.0000000,      0.00, 0, 0, 0, 0
Dose,    0,  0,  0,  0, 21, 30,    0.0000000,     0.0000000,      0.00, 0, 0, 0, 0
Dose,    0,  0,  0,  0, 21, 40,    0.0000000,     0.0000000,      0.00, 0, 0, 0, 0
Dose,    0,  0,  0,  0, 21, 50,    0.0000000,     0.0000000,      0.00, 0, 0, 0, 0
Dose,    0,  0,  0,  0, 22,  0,    0.0000000,     0.0000000,      0.00, 0, 0, 0, 0
Dose,    0,  0,  0,  0, 22, 10,    0.0000000,     0.0000000,      0.00, 0, 0, 0, 0
Dose,    0,  0,  0,  0, 22, 20,    0.0000000,     0.0000000,      0.00, 0, 0, 0, 0
Dose,    0,  0,  0,  0, 22, 30,    0.0000000,     0.0000000,      0.00, 0, 0, 0, 0
Dose,    0,  0,  0,  0, 22, 40,    0.0000000,     0.0000000,      0.00, 0, 0, 0, 0
Dose,    0,  0,  0,  0, 22, 50,    0.0000000,     0.0000000,      0.00, 0, 0, 0, 0
Dose,    0,  0,  0,  0, 23,  0,    0.0000000,     0.0000000,      0.00, 0, 0, 0, 0
Dose,    0,  0,  0,  0, 23, 10,    0.0000000,     0.0000000,      0.00, 0, 0, 0, 0
Dose, 2018,  8, 11, 20, 42, 20,    0.0000000,     0.0000000,      0.00, 0, 0, 0, 0
Dose, 2018,  8, 11, 20, 42, 30,    0.0000000,     0.0000000,      0.00, 0, 0, 0, 0
Dose, 2018,  8, 11, 20, 42, 40,    0.0000000,     0.0000000,      0.00, 0, 0, 0, 0
Dose, 2018,  8, 11, 20, 42, 50,    0.0000000,     0.0000000,      0.00, 0, 0, 0, 0
Dose, 2018,  8, 11, 20, 43,  0,    0.0000000,     0.0000000,      0.00, 0, 0, 0, 0
Dose, 2018,  8, 11, 20, 43, 10,    0.0000000,     0.0000000,      0.00, 0, 0, 0, 0
Dose, 2018,  8, 11, 20, 43, 20,    0.0000000,     0.0000000,      0.00, 0, 0, 0, 0
Dose, 2018,  8, 11, 20, 43, 30,    0.0000000,     0.0000000,      0.00, 0, 0, 0, 0
Dose, 2018,  8, 11, 20, 43, 40,    0.0000000,     0.0000000,      0.00, 0, 0, 0, 0
Dose, 2018,  8, 11, 20, 43, 50,    0.0000000,     0.0000000,      0.00, 0, 0, 0, 0
Dose, 2018,  8, 11, 20, 44,  0,    0.0000000,     0.0000000,      0.00, 0, 0, 0, 0
Dose, 2018,  8, 11, 20, 44, 10,    0.0000000,     0.0000000,      0.00, 0, 0, 0, 0
Dose, 2018,  8, 11, 20, 44, 20,    0.0000000,     0.0000000,      0.00, 0, 0, 0, 0
Dose, 2018,  8, 11, 20, 44, 30,    0.0000000,     0.0000000,      0.00, 0, 0, 0, 0
Dose, 2018,  8, 11, 20, 44, 40,    0.0000000,     0.0000000,      0.00, 0, 0, 0, 0
Dose, 2018,  8, 11, 20, 44, 50,    0.0000000,     0.0000000,      0.00, 0, 0, 0, 0
Dose, 2018,  8, 11, 20, 45,  0,    0.0000000,     0.0000000,      0.00, 0, 0, 0, 0
Dose, 2018,  8, 11, 20, 45, 10,    0.0000000,     0.0000000,      0.00, 0, 0, 0, 0
Dose, 2018,  8, 11, 20, 45, 20,    0.0000000,     0.0000000,      0.00, 0, 0, 0, 0
Dose, 2018,  8, 11, 20, 45, 30,    0.0000000,     0.0000000,      0.00, 0, 0, 0, 0
Dose, 2018,  8, 11, 20, 45, 40,    0.0000000,     0.0000000,      0.00, 0, 0, 0, 0
Dose, 2018,  8, 11, 20, 45, 50,    0.0000000,     0.0000000,      0.00, 0, 0, 0, 0
Dose, 2018,  8, 11, 20, 46,  0,    0.0000000,     0.0000000,      0.00, 0, 0, 0, 0
Dose, 2018,  8, 11, 20, 46, 10,    0.0000000,     0.0000000,      0.00, 0, 0, 0, 0
Dose, 2018,  8, 11, 20, 46, 20,    0.0000000,     0.0000000,      0.00, 0, 0, 0, 0
Dose, 2018,  8, 11, 20, 46, 30,    0.0000000,     0.0000000,      0.00, 0, 0, 0, 0
Dose, 2018,  8, 11, 20, 46, 40,    0.0000000,     0.0000000,      0.00, 0, 0, 0, 0
Dose, 2018,  8, 11, 20, 46, 50,    0.0000000,     0.0000000,      0.00, 0, 0, 0, 0
