Dose,    0,  0,  0,  0,  5, 40,    0.0000000,     0.0000000,      0.00, 0, 0, 0, 0
Dose,    0,  0,  0,  0,  5, 50,    0.0000000,     0.0000000,      0.00, 0, 0, 0, 0
Dose,    0,  0,  0,  0,  6,  0,    0.0000000,     0.0000000,      0.00, 0, 0, 0, 0
Dose,    0,  0,  0,  0,  6, 10,    0.0000000,     0.0000000,      0.00, 0, 0, 0, 0
Dose,    0,  0,  0,  0,  6, 20,    0.0000000,     0.0000000,      0.00, 0, 0, 0, 0
Dose,    0,  0,  0,  0,  6, 30,    0.0000000,     0.0000000,      0.00, 0, 0, 0, 0
Dose,    0,  0,  0,  0,  6, 40,    0.0000000,     0.0000000,      0.00, 0, 0, 0, 0
Dose,    0,  0,  0,  0,  6, 50,    0.0000000,     0.0000000,      0.00, 0, 0, 0, 0
Dose,    0,  0,  0,  0,  7,  0,    0.0000000,     0.0000000,      0.00, 0, 0, 0, 0
Dose,    0,  0,  0,  0,  7, 10,    0.0000000,     0.0000000,      0.00, 0, 0, 0, 0
Dose,    0,  0,  0,  0,  7, 20,    0.0000000,     0.0000000,      0.00, 0, 0, 0, 0
Dose,    0,  0,  0,  0,  7, 30,    0.0000000,     0.0000000,      0.00, 0, 0, 0, 0
Dose,    0,  0,  0,  0,  7, 40,    0.0000000,     0.0000000,      0.00, 0, 0, 0, 0
Dose,    0,  0,  0,  0,  7, 50,    0.0000000,     0.0000000,      0.00, 0, 0, 0, 0
Dose,    0,  0,  0,  0,  8,  0,    0.0000000,     0.0000000,      0.00, 0, 0, 0, 0
Dose,    0,  0,  0,  0,  8, 10,    0.0000000,     0.0000000,      0.00, 0, 0, 0, 0
Dose, 2018,  8, 11, 15, 47, 20,    0.0000000,     0.0000000,      0.00, 0, 0, 0, 0
Dose, 2018,  8, 11, 15, 47, 30,    0.0000000,     0.0000000,      0.00, 0, 0, 0, 0
Dose, 2018,  8, 11, 15, 47, 40,    0.0000000,     0.0000000,      0.00, 0, 0, 0, 0
Dose, 2018,  8, 11, 15, 47, 50,    0.0000000,     0.0000000,      0.00, 0, 0, 0, 0
Dose, 2018,  8, 11, 15, 48,  0,    0.0000000,     0.0000000,      0.00, 0, 0, 0, 0
Dose, 2018,  8, 11, 15, 48, 10,    0.0000000,     0.0000000,      0.00, 0, 0, 0, 0
Dose, 2018,  8, 11, 15, 48, 20,    0.0000000,     0.0000000,      0.00, 0, 0, 0, 0
Dose, 2018,  8, 11, 15, 48, 30,    0.0000000,     0.0000000,      0.00, 0, 0, 0, 0
Dose, 2018,  8, 11, 15, 48, 40,    0.0000000,     0.0000000,      0.00, 0, 0, 0, 0
Dose, 2018,  8, 11, 15, 48, 50,    0.0000000,     0.0000000,      0.00, 0, 0, 0, 0
Dose, 2018,  8, 11, 15, 49,  0,    0.0000000,     0.0000000,      0.00, 0, 0, 0, 0
Dose, 2018,  8, 11, 15, 49, 10,    0.0000000,     0.0000000,      0.00, 0, 0, 0, 0
Dose, 2018,  8, 11, 15, 49, 20,    0.0000000,     0.0000000,      0.00, 0, 0, 0, 0
Dose, 2018,  8, 11, 15, 49, 30,    0.0000000,     0.0000000,      0.00, 0, 0, 0, 0
Dose, 2018,  8, 11, 15, 49, 40,    0.0000000,     0.0000000,      0.00, 0, 0, 0, 0
Dose, 2018,  8, 11, 15, 49, 50,    0.0000000,     0.0000000,      0.00, 0, 0, 0, 0
Dose, 2018,  8, 11, 15, 50,  0,    0.0000000,     0.0000000,      0.00, 0, 0, 0, 0
Dose, 2018,  8, 11, 15, 50, 10,    0.0000000,     0.0000000,      0.00, 0, 0, 0, 0
Dose, 2018,  8, 11, 15, 50, 20,    0.0000000,     0.0000000,      0.00, 0, 0, 0, 0
Dose, 2018,  8, 11, 15, 50, 30,    0.0000000,     0.0000000,      0.00, 0, 0, 0, 0
Dose, 2018,  8, 11, 15, 50, 40,    0.0000000,     0.0000000,      0.00, 0, 0, 0, 0
Dose, 2018,  8, 11, 15, 50, 50,    0.0000000,     0.0000000,      0.00, 0, 0, 0, 0
Dose, 2018,  8, 11, 15, 51,  0,    0.0000000,     0.0000000,      0.00, 0, 0, 0, 0
Dose, 2018,  8, 11, 15, 51, 10,    0.0000000,     0.0000000,      0.00, 0, 0, 0, 0
Dose, 2018,  8, 11, 15, 51, 20,    0.0000000,     0.0000000,      0.00, 0, 0, 0, 0
Dose, 2018,  8, 11, 15, 51, 30,    0.0000000,     0.0000000,      0.00, 0, 0, 0, 0
Dose, 2018,  8, 11, 15, 51, 40,    0.0000000,     0.0000000,      0.00, 0, 0, 0, 0
Dose, 2018,  8, 11, 15, 51, 50,    0.0000000,     0.0000000,      0.00, 0, 0, 0, 0
Dose, 2018,  8, 11, 15, 52,  0,    0.0000000,     0.0000000,      0.00, 0, 0, 0, 0
Dose, 2018,  8, 11, 15, 52, 10,    0.0000000,     0.0000000,      0.00, 0, 0, 0, 0
Dose, 2018,  8, 11, 15, 52, 20,    0.0000000,     0.0000000,      0.00, 0, 0, 0, 0
Dose, 2018,  8, 11, 15, 52, 30,    0.0000000,     0.0000000,      0.00, 0, 0, 0, 0
Dose, 2018,  8, 11, 15, 52, 40,    0.0000000,     0.0000000,      0.00, 0, 0, 0, 0
Dose, 2018,  8, 11, 15, 52, 50,    0.0000000,     0.0000000,      0.00, 0, 0, 0, 0
Dose, 2018,  8, 11, 15, 53,  0,    0.0000000,     0.0000000,      0.00, 0, 0, 0, 0
Dose, 2018,  8, 11, 15, 53, 10,    0.0000000,     0.0000000,      0.00, 0, 0, 0, 0
Dose, 2018,  8, 11, 15, 53, 20,    0.0000000,     0.0000000,      0.00, 0, 0, 0, 0
Dose, 2018,  8, 11, 15, 53, 30,    0.0000000,     0.0000000,      0.00, 0, 0, 0, 0
Dose, 2018,  8, 11, 15, 53, 40,    0.0000000,     0.0000000,      0.00, 0, 0, 0, 0
Dose, 2018,  8, 11, 15, 53, 50,    0.0000000,     0.0000000,      0.00, 0, 0, 0, 0
Dose, 2018,  8, 11, 15, 54,  0,    0.0000000,     0.0000000,      0.00, 0, 0, 0, 0
Dose, 2018,  8, 11, 15, 54, 10,    0.0000000,     0.0000000,      0.00, 0, 0, 0, 0
Dose, 2018,  8, 11, 15, 54, 20,    0.0000000,     0.0000000,      0.00, 0, 0, 0, 0
Dose, 2018,  8, 11, 15, 54, 30,    0.0000000,     0.0000000,      0.00, 0, 0, 0, 0
Dose, 2018,  8, 11, 15, 54, 40,    0.0000000,     0.0000000,      0.00, 0, 0, 0, 0
Dose, 2018,  8, 11, 15, 54, 50,    0.0000000,     0.0000000,      0.00, 0, 0, 0, 0
Dose, 2018,  8, 11, 15, 55,  0,    0.0000000,     0.0000000,      0.00, 0, 0, 0, 0
Dose, 2018,  8, 11, 15, 55, 10,    0.0000000,     0.0000000,      0.00, 0, 0, 0, 0
Dose, 2018,  8, 11, 15, 55, 20,    0.0000000,     0.0000000,      0.00, 0, 0, 0, 0
Dose, 2018,  8, 11, 15, 55, 30,    0.0000000,     0.0000000,      0.00, 0, 0, 0, 0
Dose, 2018,  8, 11, 15, 55, 40,    0.0000000,     0.0000000,      0.00, 0, 0, 0, 0
Dose, 2018,  8, 11, 15, 55, 50,    0.0000000,     0.0000000,      0.00, 0, 0, 0, 0
Dose, 2018,  8, 11, 15, 56,  0,    0.0000000,     0.0000000,      0.00, 0, 0, 0, 0
Dose, 2018,  8, 11, 15, 56, 10,    0.0000000,     0.0000000,      0.00, 0, 0, 0, 0
Dose, 2018,  8, 11, 15, 56, 20,    0.0000000,     0.0000000,      0.00, 0, 0, 0, 0
Dose, 2018,  8, 11, 15, 56, 30,    0.0000000,     0.0000000,      0.00, 0, 0, 0, 0
Dose, 2018,  8, 11, 15, 56, 40,    0.0000000,     0.0000000,      0.00, 0, 0, 0, 0
Dose, 2018,  8, 11, 15, 56, 50,    0.0000000,     0.0000000,      0.00, 0, 0, 0, 0
Dose, 2018,  8, 11, 15, 57,  0,    0.0000000,     0.0000000,      0.00, 0, 0, 0, 0
Dose, 2018,  8, 11, 15, 57, 10,    0.0000000,     0.0000000,      0.00, 0, 0, 0, 0
Dose, 2018,  8, 11, 15, 57, 20,    0.0000000,     0.0000000,      0.00, 0, 0, 0, 0
Dose, 2018,  8, 11, 15, 57, 30,    0.0000000,     0.0000000,      0.00, 0, 0, 0, 0
Dose, 2018,  8, 11, 15, 57, 40,    0.0000000,     0.0000000,      0.00, 0, 0, 0, 0
Dose, 2018,  8, 11, 15, 57, 50,    0.0000000,     0.0000000,      0.00, 0, 0, 0, 0
Dose, 2018,  8, 11, 15, 58,  0,    0.0000000,     0.0000000,      0.00, 0, 0, 0, 0
Dose, 2018,  8, 11, 15, 58, 10,    0.0000000,     0.0000000,      0.00, 0, 0, 0, 0
Dose, 2018,  8, 11, 15, 58, 20,    0.0000000,     0.0000000,      0.00, 0, 0, 0, 0
Dose, 2018,  8, 11, 15, 58, 30,    0.0000000,     0.0000000,      0.00, 0, 0, 0, 0
Dose, 2018,  8, 11, 15, 58, 40,    0.0000000,     0.0000000,      0.00, 0, 0, 0, 0
Dose, 2018,  8, 11, 15, 58, 50,    0.0000000,     0.0000000,      0.00, 0, 0, 0, 0
Dose, 2018,  8, 11, 15, 59,  0,    0.0000000,     0.0000000,      0.00, 0, 0, 0, 0
Dose, 2018,  8, 11, 15, 59, 10,    0.0000000,     0.0000000,      0.00, 0, 0, 0, 0
Dose, 2018,  8, 11, 15, 59, 20,    0.0000000,     0.0000000,      0.00, 0, 0, 0, 0
Dose, 2018,  8, 11, 15, 59, 30,    0.0000000,     0.0000000,      0.00, 0, 0, 0, 0
Dose, 2018,  8, 11, 15, 59, 40,    0.0000000,     0.0000000,      0.00, 0, 0, 0, 0
Dose, 2018,  8, 11, 15, 59, 50,    0.0000000,     0.0000000,      0.00, 0, 0, 0, 0
Dose, 2018,  8, 11, 16,  0,  0,    0.0000000,     0.0000000,      0.00, 0, 0, 0, 0
Dose, 2018,  8, 11, 16,  0, 10,    0.0000000,     0.0000000,      0.00, 0, 0, 0, 0
Dose, 2018,  8, 11, 16,  0, 20,    0.0000000,     0.0000000,      0.00, 0, 0, 0, 0
Dose, 2018,  8, 11, 16,  0, 30,    0.0000000,     0.0000000,      0.00, 0, 0, 0, 0
Dose, 2018,  8, 11, 16,  0, 40,    0.0000000,     0.0000000,      0.00, 0, 0, 0, 0
Dose, 2018,  8, 11, 16,  0, 50,    0.0000000,     0.0000000,      0.00, 0, 0, 0, 0
Dose, 2018,  8, 11, 16,  1,  0,    0.0000000,     0.0000000,      0.00, 0, 0, 0, 0
Dose, 2018,  8, 11, 16,  1, 10,    0.0000000,     0.0000000,      0.00, 0, 0, 0, 0
Dose, 2018,  8, 11, 16,  1, 20,    0.0000000,     0.0000000,      0.00, 0, 0, 0, 0
Dose, 2018,  8, 11, 16,  1, 30,    0.0000000,     0.0000000,      0.00, 0, 0, 0, 0
Dose, 2018,  8, 11, 16,  1, 40,    0.0000000,     0.0000000,      0.00, 0, 0, 0, 0
Dose, 2018,  8, 11, 16,  1, 50,    0.0000000,     0.0000000,      0.00, 0, 0, 0, 0
Dose, 2018,  8, 11, 16,  2,  0,    0.0000000,     0.0000000,      0.00, 0, 0, 0, 0
Dose, 2018,  8, 11, 16,  2, 10,    0.0000000,     0.0000000,      0.00, 0, 0, 0, 0
Dose, 2018,  8, 11, 16,  2, 20,    0.0000000,     0.0000000,      0.00, 0, 0, 0, 0
Dose, 2018,  8, 11, 16,  2, 30,    0.0000000,     0.0000000,      0.00, 0, 0, 0, 0
Dose, 2018,  8, 11, 16,  2, 40,    0.0000000,     0.0000000,      0.00, 0, 0, 0, 0
Dose, 2018,  8, 11, 16,  2, 50,    0.0000000,     0.0000000,      0.00, 0, 0, 0, 0
Dose, 2018,  8, 11, 16,  3,  0,    0.0000000,     0.0000000,      0.00, 0, 0, 0, 0
Dose, 2018,  8, 11, 16,  3, 10,    0.0000000,     0.0000000,      0.00, 0, 0, 0, 0
Dose, 2018,  8, 11, 16,  3, 20,    0.0000000,     0.0000000,      0.00, 0, 0, 0, 0
Dose, 2018,  8, 11, 16,  3, 30,    0.0000000,     0.0000000,      0.00, 0, 0, 0, 0
Dose, 2018,  8, 11, 16,  3, 40,    0.0000000,     0.0000000,      0.00, 0, 0, 0, 0
Dose, 2018,  8, 11, 16,  3, 50,    0.0000000,     0.0000000,      0.00, 0, 0, 0, 0
Dose, 2018,  8, 11, 16,  4,  0,    0.0000000,     0.0000000,      0.00, 0, 0, 0, 0
Dose, 2018,  8, 11, 16,  4, 10,    0.0000000,     0.0000000,      0.00, 0, 0, 0, 0
Dose, 2018,  8, 11, 16,  4, 20,    0.0000000,     0.0000000,      0.00, 0, 0, 0, 0
Dose, 2018,  8, 11, 16,  4, 30,    0.0000000,     0.0000000,      0.00, 0, 0, 0, 0
Dose, 2018,  8, 11, 16,  4, 40,    0.0000000,     0.0000000,      0.00, 0, 0, 0, 0
Dose, 2018,  8, 11, 16,  4, 50,    0.0000000,     0.0000000,      0.00, 0, 0, 0, 0
Dose, 2018,  8, 11, 16,  5,  0,    0.0000000,     0.0000000,      0.00, 0, 0, 0, 0
Dose, 2018,  8, 11, 16,  5, 10,    0.0000000,     0.0000000,      0.00, 0, 0, 0, 0
Dose, 2018,  8, 11, 16,  5, 20,    0.0000000,     0.0000000,      0.00, 0, 0, 0, 0
Dose, 2018,  8, 11, 16,  5, 30,    0.0000000,     0.0000000,      0.00, 0, 0, 0, 0
Dose, 2018,  8, 11, 16,  5, 40,    0.0000000,     0.0000000,      0.00, 0, 0, 0, 0
Dose, 2018,  8, 11, 16,  5, 50,    0.0000000,     0.0000000,      0.00, 0, 0, 0, 0
Dose, 2018,  8, 11, 16,  6,  0,    0.0000000,     0.0000000,      0.00, 0, 0, 0, 0
Dose, 2018,  8, 11, 16,  6, 10,    0.0000000,     0.0000000,      0.00, 0, 0, 0, 0
Dose, 2018,  8, 11, 16,  6, 20,    0.0000000,     0.0000000,      0.00, 0, 0, 0, 0
Dose, 2018,  8, 11, 16,  6, 30,    0.0000000,     0.0000000,      0.00, 0, 0, 0, 0
Dose, 2018,  8, 11, 16,  6, 40,    0.0000000,     0.0000000,      0.00, 0, 0, 0, 0
Dose, 2018,  8, 11, 16,  6, 50,    0.0000000,     0.0000000,      0.00, 0, 0, 0, 0
Dose, 2018,  8, 11, 16,  7,  0,    0.0000000,     0.0000000,      0.00, 0, 0, 0, 0
Dose, 2018,  8, 11, 16,  7, 10,    0.0000000,     0.0000000,      0.00, 0, 0, 0, 0
Dose, 2018,  8, 11, 16,  7, 20,    0.0000000,     0.0000000,      0.00, 0, 0, 0, 0
Dose, 2018,  8, 11, 16,  7, 30,    0.0000000,     0.0000000,      0.00, 0, 0, 0, 0
Dose, 2018,  8, 11, 16,  7, 40,    0.0000000,     0.0000000,      0.00, 0, 0, 0, 0
Dose, 2018,  8, 11, 16,  7, 50,    0.0000000,     0.0000000,      0.00, 0, 0, 0, 0
Dose, 2018,  8, 11, 16,  8,  0,    0.0000000,     0.0000000,      0.00, 0, 0, 0, 0
Dose, 2018,  8, 11, 16,  8, 10,    0.0000000,     0.0000000,      0.00, 0, 0, 0, 0
Dose, 2018,  8, 11, 16,  8, 20,    0.0000000,     0.0000000,      0.00, 0, 0, 0, 0
Dose, 2018,  8, 11, 16,  8, 30,    0.0000000,     0.0000000,      0.00, 0, 0, 0, 0
Dose, 2018,  8, 11, 16,  8, 40,    0.0000000,     0.0000000,      0.00, 0, 0, 0, 0
Dose, 2018,  8, 11, 16,  8, 50,    0.0000000,     0.0000000,      0.00, 0, 0, 0, 0
Dose, 2018,  8, 11, 16,  9,  0,    0.0000000,     0.0000000,      0.00, 0, 0, 0, 0
Dose, 2018,  8, 11, 16,  9, 10,    0.0000000,     0.0000000,      0.00, 0, 0, 0, 0
Dose, 2018,  8, 11, 16,  9, 20,    0.0000000,     0.0000000,      0.00, 0, 0, 0, 0
Dose, 2018,  8, 11, 16,  9, 30,    0.0000000,     0.0000000,      0.00, 0, 0, 0, 0
Dose, 2018,  8, 11, 16,  9, 40,    0.0000000,     0.0000000,      0.00, 0, 0, 0, 0
Dose, 2018,  8, 11, 16,  9, 50,    0.0000000,     0.0000000,      0.00, 0, 0, 0, 0
Dose, 2018,  8, 11, 16, 10,  0,    0.0000000,     0.0000000,      0.00, 0, 0, 0, 0
Dose, 2018,  8, 11, 16, 10, 10,    0.0000000,     0.0000000,      0.00, 0, 0, 0, 0
Dose, 2018,  8, 11, 16, 10, 20,    0.0000000,     0.0000000,      0.00, 0, 0, 0, 0
Dose, 2018,  8, 11, 16, 10, 30,    0.0000000,     0.0000000,      0.00, 0, 0, 0, 0
Dose, 2018,  8, 11, 16, 10, 40,    0.0000000,     0.0000000,      0.00, 0, 0, 0, 0
Dose, 2018,  8, 11, 16, 10, 50,    0.0000000,     0.0000000,      0.00, 0, 0, 0, 0
Dose, 2018,  8, 11, 16, 11,  0,    0.0000000,     0.0000000,      0.00, 0, 0, 0, 0
Dose, 2018,  8, 11, 16, 11, 10,    0.0000000,     0.0000000,      0.00, 0, 0, 0, 0
Dose, 2018,  8, 11, 16, 11, 20,    0.0000000,     0.0000000,      0.00, 0, 0, 0, 0
Dose, 2018,  8, 11, 16, 11, 30,    0.0000000,     0.0000000,      0.00, 0, 0, 0, 0
Dose, 2018,  8, 11, 16, 11, 40,    0.0000000,     0.0000000,      0.00, 0, 0, 0, 0
Dose, 2018,  8, 11, 16, 11, 50,    0.0000000,     0.0000000,      0.00, 0, 0, 0, 0
Dose, 2018,  8, 11, 16, 12,  0,    0.0000000,     0.0000000,      0.00, 0, 0, 0, 0
Dose, 2018,  8, 11, 16, 12, 10,    0.0000000,     0.0000000,      0.00, 0, 0, 0, 0
Dose, 2018,  8, 11, 16, 12, 20,    0.0000000,     0.0000000,      0.00, 0, 0, 0, 0
Dose, 2018,  8, 11, 16, 12, 30,    0.0000000,     0.0000000,      0.00, 0, 0, 0, 0
Dose, 2018,  8, 11, 16, 12, 40,    0.0000000,     0.0000000,      0.00, 0, 0, 0, 0
Dose, 2018,  8, 11, 16, 12, 50,    0.0000000,     0.0000000,      0.00, 0, 0, 0, 0
Dose, 2018,  8, 11, 16, 13,  0,    0.0000000,     0.0000000,      0.00, 0, 0, 0, 0
Dose, 2018,  8, 11, 16, 13, 10,    0.0000000,     0.0000000,      0.00, 0, 0, 0, 0
Dose, 2018,  8, 11, 16, 13, 20,    0.0000000,     0.0000000,      0.00, 0, 0, 0, 0
Dose, 2018,  8, 11, 16, 13, 30,    0.0000000,     0.0000000,      0.00, 0, 0, 0, 0
Dose, 2018,  8, 11, 16, 13, 40,    0.0000000,     0.0000000,      0.00, 0, 0, 0, 0
Dose, 2018,  8, 11, 16, 13, 50,    0.0000000,     0.0000000,      0.00, 0, 0, 0, 0
Dose, 2018,  8, 11, 16, 14,  0,    0.0000000,     0.0000000,      0.00, 0, 0, 0, 0
Dose, 2018,  8, 11, 16, 14, 10,    0.0000000,     0.0000000,      0.00, 0, 0, 0, 0
Dose, 2018,  8, 11, 16, 14, 20,    0.0000000,     0.0000000,      0.00, 0, 0, 0, 0
Dose, 2018,  8, 11, 16, 14, 30,    0.0000000,     0.0000000,      0.00, 0, 0, 0, 0
Dose, 2018,  8, 11, 16, 14, 40,    0.0000000,     0.0000000,      0.00, 0, 0, 0, 0
Dose, 2018,  8, 11, 16, 14, 50,    0.0000000,     0.0000000,      0.00, 0, 0, 0, 0
Dose, 2018,  8, 11, 16, 15,  0,    0.0000000,     0.0000000,      0.00, 0, 0, 0, 0
Dose, 2018,  8, 11, 16, 15, 10,    0.0000000,     0.0000000,      0.00, 0, 0, 0, 0
Dose, 2018,  8, 11, 16, 15, 20,    0.0000000,     0.0000000,      0.00, 0, 0, 0, 0
Dose, 2018,  8, 11, 16, 15, 30,    0.0000000,     0.0000000,      0.00, 0, 0, 0, 0
Dose, 2018,  8, 11, 16, 15, 40,    0.0000000,     0.0000000,      0.00, 0, 0, 0, 0
Dose, 2018,  8, 11, 16, 15, 50,    0.0000000,     0.0000000,      0.00, 0, 0, 0, 0
Dose, 2018,  8, 11, 16, 16,  0,    0.0000000,     0.0000000,      0.00, 0, 0, 0, 0
Dose, 2018,  8, 11, 16, 16, 10,    0.0000000,     0.0000000,      0.00, 0, 0, 0, 0
Dose, 2018,  8, 11, 16, 16, 20,    0.0000000,     0.0000000,      0.00, 0, 0, 0, 0
Dose, 2018,  8, 11, 16, 16, 30,    0.0000000,     0.0000000,      0.00, 0, 0, 0, 0
Dose, 2018,  8, 11, 16, 16, 40,    0.0000000,     0.0000000,      0.00, 0, 0, 0, 0
Dose, 2018,  8, 11, 16, 16, 50,    0.0000000,     0.0000000,      0.00, 0, 0, 0, 0
Dose, 2018,  8, 11, 16, 17,  0,    0.0000000,     0.0000000,      0.00, 0, 0, 0, 0
Dose, 2018,  8, 11, 16, 17, 10,    0.0000000,     0.0000000,      0.00, 0, 0, 0, 0
Dose, 2018,  8, 11, 16, 17, 20,    0.0000000,     0.0000000,      0.00, 0, 0, 0, 0
Dose, 2018,  8, 11, 16, 17, 30,    0.0000000,     0.0000000,      0.00, 0, 0, 0, 0
Dose, 2018,  8, 11, 16, 17, 40,    0.0000000,     0.0000000,      0.00, 0, 0, 0, 0
Dose, 2018,  8, 11, 16, 17, 50,    0.0000000,     0.0000000,      0.00, 0, 0, 0, 0
Dose, 2018,  8, 11, 16, 18,  0,    0.0000000,     0.0000000,      0.00, 0, 0, 0, 0
Dose, 2018,  8, 11, 16, 18, 10,    0.0000000,     0.0000000,      0.00, 0, 0, 0, 0
Dose, 2018,  8, 11, 16, 18, 20,    0.0000000,     0.0000000,      0.00, 0, 0, 0, 0
Dose, 2018,  8, 11, 16, 18, 30,    0.0000000,     0.0000000,      0.00, 0, 0, 0, 0
Dose, 2018,  8, 11, 16, 18, 40,    0.0000000,     0.0000000,      0.00, 0, 0, 0, 0
Dose, 2018,  8, 11, 16, 18, 50,    0.0000000,     0.0000000,      0.00, 0, 0, 0, 0
Dose, 2018,  8, 11, 16, 19,  0,    0.0000000,     0.0000000,      0.00, 0, 0, 0, 0
Dose, 2018,  8, 11, 16, 19, 10,    0.0000000,     0.0000000,      0.00, 0, 0, 0, 0
Dose, 2018,  8, 11, 16, 19, 20,    0.0000000,     0.0000000,      0.00, 0, 0, 0, 0
Dose, 2018,  8, 11, 16, 19, 30,    0.0000000,     0.0000000,      0.00, 0, 0, 0, 0
Dose, 2018,  8, 11, 16, 19, 40,    0.0000000,     0.0000000,      0.00, 0, 0, 0, 0
Dose, 2018,  8, 11, 16, 19, 50,    0.0000000,     0.0000000,      0.00, 0, 0, 0, 0
Dose, 2018,  8, 11, 16, 20,  0,    0.0000000,     0.0000000,      0.00, 0, 0, 0, 0
Dose, 2018,  8, 11, 16, 20, 10,    0.0000000,     0.0000000,      0.00, 0, 0, 0, 0
Dose, 2018,  8, 11, 16, 20, 20,    0.0000000,     0.0000000,      0.00, 0, 0, 0, 0
Dose, 2018,  8, 11, 16, 20, 30,    0.0000000,     0.0000000,      0.00, 0, 0, 0, 0
Dose, 2018,  8, 11, 16, 20, 40,    0.0000000,     0.0000000,      0.00, 0, 0, 0, 0
Dose, 2018,  8, 11, 16, 20, 50,    0.0000000,     0.0000000,      0.00, 0, 0, 0, 0
Dose, 2018,  8, 11, 16, 21,  0,    0.0000000,     0.0000000,      0.00, 0, 0, 0, 0
Dose, 2018,  8, 11, 16, 21, 10,    0.0000000,     0.0000000,      0.00, 0, 0, 0, 0
Dose, 2018,  8, 11, 16, 21, 20,    0.0000000,     0.0000000,      0.00, 0, 0, 0, 0
Dose, 2018,  8, 11, 16, 21, 30,    0.0000000,     0.0000000,      0.00, 0, 0, 0, 0
Dose, 2018,  8, 11, 16, 21, 40,    0.0000000,     0.0000000,      0.00, 0, 0, 0, 0
Dose, 2018,  8, 11, 16, 21, 50,    0.0000000,     0.0000000,      0.00, 0, 0, 0, 0
Dose, 2018,  8, 11, 16, 22,  0,    0.0000000,     0.0000000,      0.00, 0, 0, 0, 0
Dose, 2018,  8, 11, 16, 22, 10,    0.0000000,     0.0000000,      0.00, 0, 0, 0, 0
Dose, 2018,  8, 11, 16, 22, 20,    0.0000000,     0.0000000,      0.00, 0, 0, 0, 0
Dose, 2018,  8, 11, 16, 22, 30,    0.0000000,     0.0000000,      0.00, 0, 0, 0, 0
Dose, 2018,  8, 11, 16, 22, 40,    0.0000000,     0.0000000,      0.00, 0, 0, 0, 0
Dose, 2018,  8, 11, 16, 22, 50,    0.0000000,     0.0000000,      0.00, 0, 0, 0, 0
Dose, 2018,  8, 11, 16, 23,  0,    0.0000000,     0.0000000,      0.00, 0, 0, 0, 0
Dose, 2018,  8, 11, 16, 23, 10,    0.0000000,     0.0000000,      0.00, 0, 0, 0, 0
Dose, 2018,  8, 11, 16, 23, 20,    0.0000000,     0.0000000,      0.00, 0, 0, 0, 0
Dose, 2018,  8, 11, 16, 23, 30,    0.0000000,     0.0000000,      0.00, 0, 0, 0, 0
Dose, 2018,  8, 11, 16, 23, 40,    0.0000000,     0.0000000,      0.00, 0, 0, 0, 0
Dose, 2018,  8, 11, 16, 23, 50,    0.0000000,     0.0000000,      0.00, 0, 0, 0, 0
Dose, 2018,  8, 11, 16, 24,  0,    0.0000000,     0.0000000,      0.00, 0, 0, 0, 0
Dose, 2018,  8, 11, 16, 24, 10,    0.0000000,     0.0000000,      0.00, 0, 0, 0, 0
Dose, 2018,  8, 11, 16, 24, 20,    0.0000000,     0.0000000,      0.00, 0, 0, 0, 0
Dose, 2018,  8, 11, 16, 24, 30,    0.0000000,     0.0000000,      0.00, 0, 0, 0, 0
Dose, 2018,  8, 11, 16, 24, 40,    0.0000000,     0.0000000,      0.00, 0, 0, 0, 0
Dose, 2018,  8, 11, 16, 24, 50,    0.0000000,     0.0000000,      0.00, 0, 0, 0, 0
Dose, 2018,  8, 11, 16, 25,  0,    0.0000000,     0.0000000,      0.00, 0, 0, 0, 0
Dose, 2018,  8, 11, 16, 25, 10,    0.0000000,     0.0000000,      0.00, 0, 0, 0, 0
Dose, 2018,  8, 11, 16, 25, 20,    0.0000000,     0.0000000,      0.00, 0, 0, 0, 0
Dose, 2018,  8, 11, 16, 25, 30,    0.0000000,     0.0000000,      0.00, 0, 0, 0, 0
Dose, 2018,  8, 11, 16, 25, 40,    0.0000000,     0.0000000,      0.00, 0, 0, 0, 0
Dose, 2018,  8, 11, 16, 25, 50,    0.0000000,     0.0000000,      0.00, 0, 0, 0, 0
Dose, 2018,  8, 11, 16, 26,  0,    0.0000000,     0.0000000,      0.00, 0, 0, 0, 0
Dose, 2018,  8, 11, 16, 26, 10,    0.0000000,     0.0000000,      0.00, 0, 0, 0, 0
Dose, 2018,  8, 11, 16, 26, 20,    0.0000000,     0.0000000,      0.00, 0, 0, 0, 0
Dose, 2018,  8, 11, 16, 26, 30,    0.0000000,     0.0000000,      0.00, 0, 0, 0, 0
Dose, 2018,  8, 11, 16, 26, 40,    0.0000000,     0.0000000,      0.00, 0, 0, 0, 0
Dose, 2018,  8, 11, 16, 26, 50,    0.0000000,     0.0000000,      0.00, 0, 0, 0, 0
Dose, 2018,  8, 11, 16, 27,  0,    0.0000000,     0.0000000,      0.00, 0, 0, 0, 0
Dose, 2018,  8, 11, 16, 27, 10,    0.0000000,     0.0000000,      0.00, 0, 0, 0, 0
Dose, 2018,  8, 11, 16, 27, 20,    0.0000000,     0.0000000,      0.00, 0, 0, 0, 0
Dose, 2018,  8, 11, 16, 27, 30,    0.0000000,     0.0000000,      0.00, 0, 0, 0, 0
Dose, 2018,  8, 11, 16, 27, 40,    0.0000000,     0.0000000,      0.00, 0, 0, 0, 0
Dose, 2018,  8, 11, 16, 27, 50,    0.0000000,     0.0000000,      0.00, 0, 0, 0, 0
Dose, 2018,  8, 11, 16, 28,  0,    0.0000000,     0.0000000,      0.00, 0, 0, 0, 0
Dose, 2018,  8, 11, 16, 28, 10,    0.0000000,     0.0000000,      0.00, 0, 0, 0, 0
Dose, 2018,  8, 11, 16, 28, 20,    0.0000000,     0.0000000,      0.00, 0, 0, 0, 0
Dose, 2018,  8, 11, 16, 28, 30,    0.0000000,     0.0000000,      0.00, 0, 0, 0, 0
Dose, 2018,  8, 11, 16, 28, 40,    0.0000000,     0.0000000,      0.00, 0, 0, 0, 0
Dose, 2018,  8, 11, 16, 28, 50,    0.0000000,     0.0000000,      0.00, 0, 0, 0, 0
Dose, 2018,  8, 11, 16, 29,  0,    0.0000000,     0.0000000,      0.00, 0, 0, 0, 0
Dose, 2018,  8, 11, 16, 29, 10,    0.0000000,     0.0000000,      0.00, 0, 0, 0, 0
Dose, 2018,  8, 11, 16, 29, 20,    0.0000000,     0.0000000,      0.00, 0, 0, 0, 0
Dose, 2018,  8, 11, 16, 29, 30,    0.0000000,     0.0000000,      0.00, 0, 0, 0, 0
Dose, 2018,  8, 11, 16, 29, 40,    0.0000000,     0.0000000,      0.00, 0, 0, 0, 0
Dose, 2018,  8, 11, 16, 29, 50,    0.0000000,     0.0000000,      0.00, 0, 0, 0, 0
Dose, 2018,  8, 11, 16, 30,  0,    0.0000000,     0.0000000,      0.00, 0, 0, 0, 0
Dose, 2018,  8, 11, 16, 30, 10,    0.0000000,     0.0000000,      0.00, 0, 0, 0, 0
Dose, 2018,  8, 11, 16, 30, 20,    0.0000000,     0.0000000,      0.00, 0, 0, 0, 0
Dose, 2018,  8, 11, 16, 30, 30,    0.0000000,     0.0000000,      0.00, 0, 0, 0, 0
Dose, 2018,  8, 11, 16, 30, 40,    0.0000000,     0.0000000,      0.00, 0, 0, 0, 0
Dose, 2018,  8, 11, 16, 30, 50,    0.0000000,     0.0000000,      0.00, 0, 0, 0, 0
Dose, 2018,  8, 11, 16, 31,  0,    0.0000000,     0.0000000,      0.00, 0, 0, 0, 0
Dose, 2018,  8, 11, 16, 31, 10,    0.0000000,     0.0000000,      0.00, 0, 0, 0, 0
Dose, 2018,  8, 11, 16, 31, 20,    0.0000000,     0.0000000,      0.00, 0, 0, 0, 0
Dose, 2018,  8, 11, 16, 31, 30,    0.0000000,     0.0000000,      0.00, 0, 0, 0, 0
Dose, 2018,  8, 11, 16, 31, 40,    0.0000000,     0.0000000,      0.00, 0, 0, 0, 0
Dose, 2018,  8, 11, 16, 31, 50,    0.0000000,     0.0000000,      0.00, 0, 0, 0, 0
Dose, 2018,  8, 11, 16, 32,  0,    0.0000000,     0.0000000,      0.00, 0, 0, 0, 0
Dose, 2018,  8, 11, 16, 32, 10,    0.0000000,     0.0000000,      0.00, 0, 0, 0, 0
Dose, 2018,  8, 11, 16, 32, 20,    0.0000000,     0.0000000,      0.00, 0, 0, 0, 0
Dose, 2018,  8, 11, 16, 32, 30,    0.0000000,     0.0000000,      0.00, 0, 0, 0, 0
Dose, 2018,  8, 11, 16, 32, 40,    0.0000000,     0.0000000,      0.00, 0, 0, 0, 0
Dose, 2018,  8, 11, 16, 32, 50,    0.0000000,     0.0000000,      0.00, 0, 0, 0, 0
Dose, 2018,  8, 11, 16, 33,  0,    0.0000000,     0.0000000,      0.00, 0, 0, 0, 0
Dose, 2018,  8, 11, 16, 33, 10,    0.0000000,     0.0000000,      0.00, 0, 0, 0, 0
Dose, 2018,  8, 11, 16, 33, 20,    0.0000000,     0.0000000,      0.00, 0, 0, 0, 0
Dose, 2018,  8, 11, 16, 33, 30,    0.0000000,     0.0000000,      0.00, 0, 0, 0, 0
Dose, 2018,  8, 11, 16, 33, 40,    0.0000000,     0.0000000,      0.00, 0, 0, 0, 0
Dose, 2018,  8, 11, 16, 33, 50,    0.0000000,     0.0000000,      0.00, 0, 0, 0, 0
Dose, 2018,  8, 11, 16, 34,  0,    0.0000000,     0.0000000,      0.00, 0, 0, 0, 0
Dose, 2018,  8, 11, 16, 34, 10,    0.0000000,     0.0000000,      0.00, 0, 0, 0, 0
Dose, 2018,  8, 11, 16, 34, 20,    0.0000000,     0.0000000,      0.00, 0, 0, 0, 0
Dose, 2018,  8, 11, 16, 34, 30,    0.0000000,     0.0000000,      0.00, 0, 0, 0, 0
Dose, 2018,  8, 11, 16, 34, 40,    0.0000000,     0.0000000,      0.00, 0, 0, 0, 0
Dose, 2018,  8, 11, 16, 34, 50,    0.0000000,     0.0000000,      0.00, 0, 0, 0, 0
Dose, 2018,  8, 11, 16, 35,  0,    0.0000000,     0.0000000,      0.00, 0, 0, 0, 0
Dose, 2018,  8, 11, 16, 35, 10,    0.0000000,     0.0000000,      0.00, 0, 0, 0, 0
Dose, 2018,  8, 11, 16, 35, 20,    0.0000000,     0.0000000,      0.00, 0, 0, 0, 0
Dose, 2018,  8, 11, 16, 35, 30,    0.0000000,     0.0000000,      0.00, 0, 0, 0, 0
Dose, 2018,  8, 11, 16, 35, 40,    0.0000000,     0.0000000,      0.00, 0, 0, 0, 0
Dose, 2018,  8, 11, 16, 35, 50,    0.0000000,     0.0000000,      0.00, 0, 0, 0, 0
Dose, 2018,  8, 11, 16, 36,  0,    0.0000000,     0.0000000,      0.00, 0, 0, 0, 0
Dose, 2018,  8, 11, 16, 36, 10,    0.0000000,     0.0000000,      0.00, 0, 0, 0, 0
Dose, 2018,  8, 11, 16, 36, 20,    0.0000000,     0.0000000,      0.00, 0, 0, 0, 0
Dose, 2018,  8, 11, 16, 36, 30,    0.0000000,     0.0000000,      0.00, 0, 0, 0, 0
Dose, 2018,  8, 11, 16, 36, 40,    0.0000000,     0.0000000,      0.00, 0, 0, 0, 0
Dose, 2018,  8, 11, 16, 36, 50,    0.0000000,     0.0000000,      0.00, 0, 0, 0, 0
Dose, 2018,  8, 11, 16, 37,  0,    0.0000000,     0.0000000,      0.00, 0, 0, 0, 0
Dose, 2018,  8, 11, 16, 37, 10,    0.0000000,     0.0000000,      0.00, 0, 0, 0, 0
Dose, 2018,  8, 11, 16, 37, 20,    0.0000000,     0.0000000,      0.00, 0, 0, 0, 0
Dose, 2018,  8, 11, 16, 37, 30,    0.0000000,     0.0000000,      0.00, 0, 0, 0, 0
Dose, 2018,  8, 11, 16, 37, 40,    0.0000000,     0.0000000,      0.00, 0, 0, 0, 0
Dose, 2018,  8, 11, 16, 37, 50,    0.0000000,     0.0000000,      0.00, 0, 0, 0, 0
Dose, 2018,  8, 11, 16, 38,  0,    0.0000000,     0.0000000,      0.00, 0, 0, 0, 0
Dose, 2018,  8, 11, 16, 38, 10,    0.0000000,     0.0000000,      0.00, 0, 0, 0, 0
Dose, 2018,  8, 11, 16, 38, 20,    0.0000000,     0.0000000,      0.00, 0, 0, 0, 0
Dose, 2018,  8, 11, 16, 38, 30,    0.0000000,     0.0000000,      0.00, 0, 0, 0, 0
Dose, 2018,  8, 11, 16, 38, 40,    0.0000000,     0.0000000,      0.00, 0, 0, 0, 0
Dose, 2018,  8, 11, 16, 38, 50,    0.0000000,     0.0000000,      0.00, 0, 0, 0, 0
Dose, 2018,  8, 11, 16, 39,  0,    0.0000000,     0.0000000,      0.00, 0, 0, 0, 0
Dose, 2018,  8, 11, 16, 39, 10,    0.0000000,     0.0000000,      0.00, 0, 0, 0, 0
Dose, 2018,  8, 11, 16, 39, 20,    0.0000000,     0.0000000,      0.00, 0, 0, 0, 0
Dose, 2018,  8, 11, 16, 39, 30,    0.0000000,     0.0000000,      0.00, 0, 0, 0, 0
Dose, 2018,  8, 11, 16, 39, 40,    0.0000000,     0.0000000,      0.00, 0, 0, 0, 0
Dose, 2018,  8, 11, 16, 39, 50,    0.0000000,     0.0000000,      0.00, 0, 0, 0, 0
Dose, 2018,  8, 11, 16, 40,  0,    0.0000000,     0.0000000,      0.00, 0, 0, 0, 0
Dose, 2018,  8, 11, 16, 40, 10,    0.0000000,     0.0000000,      0.00, 0, 0, 0, 0
Dose, 2018,  8, 11, 16, 40, 20,    0.0000000,     0.0000000,      0.00, 0, 0, 0, 0
Dose, 2018,  8, 11, 16, 40, 30,    0.0000000,     0.0000000,      0.00, 0, 0, 0, 0
Dose, 2018,  8, 11, 16, 40, 40,    0.0000000,     0.0000000,      0.00, 0, 0, 0, 0
Dose, 2018,  8, 11, 16, 40, 50,    0.0000000,     0.0000000,      0.00, 0, 0, 0, 0
Dose, 2018,  8, 11, 16, 41,  0,    0.0000000,     0.0000000,      0.00, 0, 0, 0, 0
Dose, 2018,  8, 11, 16, 41, 10,    0.0000000,     0.0000000,      0.00, 0, 0, 0, 0
Dose, 2018,  8, 11, 16, 41, 20,    0.0000000,     0.0000000,      0.00, 0, 0, 0, 0
Dose, 2018,  8, 11, 16, 41, 30,    0.0000000,     0.0000000,      0.00, 0, 0, 0, 0
Dose, 2018,  8, 11, 16, 41, 40,    0.0000000,     0.0000000,      0.00, 0, 0, 0, 0
Dose, 2018,  8, 11, 16, 41, 50,    0.0000000,     0.0000000,      0.00, 0, 0, 0, 0
Dose, 2018,  8, 11, 16, 42,  0,    0.0000000,     0.0000000,      0.00, 0, 0, 0, 0
Dose, 2018,  8, 11, 16, 42, 10,    0.0000000,     0.0000000,      0.00, 0, 0, 0, 0
Dose, 2018,  8, 11, 16, 42, 20,    0.0000000,     0.0000000,      0.00, 0, 0, 0, 0
Dose, 2018,  8, 11, 16, 42, 30,    0.0000000,     0.0000000,      0.00, 0, 0, 0, 0
Dose, 2018,  8, 11, 16, 42, 40,    0.0000000,     0.0000000,      0.00, 0, 0, 0, 0
Dose, 2018,  8, 11, 16, 42, 50,    0.0000000,     0.0000000,      0.00, 0, 0, 0, 0
Dose, 2018,  8, 11, 16, 43,  0,    0.0000000,     0.0000000,      0.00, 0, 0, 0, 0
Dose, 2018,  8, 11, 16, 43, 10,    0.0000000,     0.0000000,      0.00, 0, 0, 0, 0
Dose, 2018,  8, 11, 16, 43, 20,    0.0000000,     0.0000000,      0.00, 0, 0, 0, 0
Dose, 2018,  8, 11, 16, 43, 30,    0.0000000,     0.0000000,      0.00, 0, 0, 0, 0
Dose, 2018,  8, 11, 16, 43, 40,    0.0000000,     0.0000000,      0.00, 0, 0, 0, 0
Dose, 2018,  8, 11, 16, 43, 50,    0.0000000,     0.0000000,      0.00, 0, 0, 0, 0
Dose, 2018,  8, 11, 16, 44,  0,    0.0000000,     0.0000000,      0.00, 0, 0, 0, 0
Dose, 2018,  8, 11, 16, 44, 10,    0.0000000,     0.0000000,      0.00, 0, 0, 0, 0
Dose, 2018,  8, 11, 16, 44, 20,    0.0000000,     0.0000000,      0.00, 0, 0, 0, 0
Dose, 2018,  8, 11, 16, 44, 30,    0.0000000,     0.0000000,      0.00, 0, 0, 0, 0
Dose, 2018,  8, 11, 16, 44, 40,    0.0000000,     0.0000000,      0.00, 0, 0, 0, 0
Dose, 2018,  8, 11, 16, 44, 50,    0.0000000,     0.0000000,      0.00, 0, 0, 0, 0
Dose, 2018,  8, 11, 16, 45,  0,    0.0000000,     0.0000000,      0.00, 0, 0, 0, 0
Dose, 2018,  8, 11, 16, 45, 10,    0.0000000,     0.0000000,      0.00, 0, 0, 0, 0
Dose, 2018,  8, 11, 16, 45, 20,    0.0000000,     0.0000000,      0.00, 0, 0, 0, 0
Dose, 2018,  8, 11, 16, 45, 30,    0.0000000,     0.0000000,      0.00, 0, 0, 0, 0
Dose, 2018,  8, 11, 16, 45, 40,    0.0000000,     0.0000000,      0.00, 0, 0, 0, 0
Dose, 2018,  8, 11, 16, 45, 50,    0.0000000,     0.0000000,      0.00, 0, 0, 0, 0
Dose, 2018,  8, 11, 16, 46,  0,    0.0000000,     0.0000000,      0.00, 0, 0, 0, 0
Dose, 2018,  8, 11, 16, 46, 10,    0.0000000,     0.0000000,      0.00, 0, 0, 0, 0
Dose, 2018,  8, 11, 16, 46, 20,    0.0000000,     0.0000000,      0.00, 0, 0, 0, 0
Dose, 2018,  8, 11, 16, 46, 30,    0.0000000,     0.0000000,      0.00, 0, 0, 0, 0
Dose, 2018,  8, 11, 16, 46, 40,    0.0000000,     0.0000000,      0.00, 0, 0, 0, 0
Dose, 2018,  8, 11, 16, 46, 50,    0.0000000,     0.0000000,      0.00, 0, 0, 0, 0
Dose, 2018,  8, 11, 16, 47,  0,    0.0000000,     0.0000000,      0.00, 0, 0, 0, 0
Dose, 2018,  8, 11, 16, 47, 10,    0.0000000,     0.0000000,      0.00, 0, 0, 0, 0
Dose, 2018,  8, 11, 16, 47, 20,    0.0000000,     0.0000000,      0.00, 0, 0, 0, 0
Dose, 2018,  8, 11, 16, 47, 30,    0.0000000,     0.0000000,      0.00, 0, 0, 0, 0
Dose, 2018,  8, 11, 16, 47, 40,    0.0000000,     0.0000000,      0.00, 0, 0, 0, 0
Dose, 2018,  8, 11, 16, 47, 50,    0.0000000,     0.0000000,      0.00, 0, 0, 0, 0
Dose, 2018,  8, 11, 16, 48,  0,    0.0000000,     0.0000000,      0.00, 0, 0, 0, 0
Dose, 2018,  8, 11, 16, 48, 10,    0.0000000,     0.0000000,      0.00, 0, 0, 0, 0
Dose, 2018,  8, 11, 16, 48, 20,    0.0000000,     0.0000000,      0.00, 0, 0, 0, 0
Dose, 2018,  8, 11, 16, 48, 30,    0.0000000,     0.0000000,      0.00, 0, 0, 0, 0
Dose, 2018,  8, 11, 16, 48, 40,    0.0000000,     0.0000000,      0.00, 0, 0, 0, 0
Dose, 2018,  8, 11, 16, 48, 50,    0.0000000,     0.0000000,      0.00, 0, 0, 0, 0
Dose, 2018,  8, 11, 16, 49,  0,    0.0000000,     0.0000000,      0.00, 0, 0, 0, 0
Dose, 2018,  8, 11, 16, 49, 10,    0.0000000,     0.0000000,      0.00, 0, 0, 0, 0
Dose, 2018,  8, 11, 16, 49, 20,    0.0000000,     0.0000000,      0.00, 0, 0, 0, 0
Dose, 2018,  8, 11, 16, 49, 30,    0.0000000,     0.0000000,      0.00, 0, 0, 0, 0
Dose, 2018,  8, 11, 16, 49, 40,    0.0000000,     0.0000000,      0.00, 0, 0, 0, 0
Dose, 2018,  8, 11, 16, 49, 50,    0.0000000,     0.0000000,      0.00, 0, 0, 0, 0
Dose, 2018,  8, 11, 16, 50,  0,    0.0000000,     0.0000000,      0.00, 0, 0, 0, 0
Dose, 2018,  8, 11, 16, 50, 10,    0.0000000,     0.0000000,      0.00, 0, 0, 0, 0
Dose, 2018,  8, 11, 16, 50, 20,    0.0000000,     0.0000000,      0.00, 0, 0, 0, 0
Dose, 2018,  8, 11, 16, 50, 30,    0.0000000,     0.0000000,      0.00, 0, 0, 0, 0
Dose, 2018,  8, 11, 16, 50, 40,    0.0000000,     0.0000000,      0.00, 0, 0, 0, 0
Dose, 2018,  8, 11, 16, 50, 50,    0.0000000,     0.0000000,      0.00, 0, 0, 0, 0
Dose, 2018,  8, 11, 16, 51,  0,    0.0000000,     0.0000000,      0.00, 0, 0, 0, 0
Dose, 2018,  8, 11, 16, 51, 10,    0.0000000,     0.0000000,      0.00, 0, 0, 0, 0
Dose, 2018,  8, 11, 16, 51, 20,    0.0000000,     0.0000000,      0.00, 0, 0, 0, 0
Dose, 2018,  8, 11, 16, 51, 30,    0.0000000,     0.0000000,      0.00, 0, 0, 0, 0
Dose, 2018,  8, 11, 16, 51, 40,    0.0000000,     0.0000000,      0.00, 0, 0, 0, 0
Dose, 2018,  8, 11, 16, 51, 50,    0.0000000,     0.0000000,      0.00, 0, 0, 0, 0
Dose, 2018,  8, 11, 16, 52,  0,    0.0000000,     0.0000000,      0.00, 0, 0, 0, 0
Dose, 2018,  8, 11, 16, 52, 10,    0.0000000,     0.0000000,      0.00, 0, 0, 0, 0
Dose, 2018,  8, 11, 16, 52, 20,    0.0000000,     0.0000000,      0.00, 0, 0, 0, 0
Dose, 2018,  8, 11, 16, 52, 30,    0.0000000,     0.0000000,      0.00, 0, 0, 0, 0
Dose, 2018,  8, 11, 16, 52, 40,    0.0000000,     0.0000000,      0.00, 0, 0, 0, 0
Dose, 2018,  8, 11, 16, 52, 50,    0.0000000,     0.0000000,      0.00, 0, 0, 0, 0
Dose, 2018,  8, 11, 16, 53,  0,    0.0000000,     0.0000000,      0.00, 0, 0, 0, 0
Dose, 2018,  8, 11, 16, 53, 10,    0.0000000,     0.0000000,      0.00, 0, 0, 0, 0
Dose, 2018,  8, 11, 16, 53, 20,    0.0000000,     0.0000000,      0.00, 0, 0, 0, 0
Dose, 2018,  8, 11, 16, 53, 30,    0.0000000,     0.0000000,      0.00, 0, 0, 0, 0
Dose, 2018,  8, 11, 16, 53, 40,    0.0000000,     0.0000000,      0.00, 0, 0, 0, 0
Dose, 2018,  8, 11, 16, 53, 50,    0.0000000,     0.0000000,      0.00, 0, 0, 0, 0
Dose, 2018,  8, 11, 16, 54,  0,    0.0000000,     0.0000000,      0.00, 0, 0, 0, 0
Dose, 2018,  8, 11, 16, 54, 10,    0.0000000,     0.0000000,      0.00, 0, 0, 0, 0
Dose, 2018,  8, 11, 16, 54, 20,    0.0000000,     0.0000000,      0.00, 0, 0, 0, 0
Dose, 2018,  8, 11, 16, 54, 30,    0.0000000,     0.0000000,      0.00, 0, 0, 0, 0
Dose, 2018,  8, 11, 16, 54, 40,    0.0000000,     0.0000000,      0.00, 0, 0, 0, 0
Dose, 2018,  8, 11, 16, 54, 50,    0.0000000,     0.0000000,      0.00, 0, 0, 0, 0
Dose, 2018,  8, 11, 16, 55,  0,    0.0000000,     0.0000000,      0.00, 0, 0, 0, 0
Dose, 2018,  8, 11, 16, 55, 10,    0.0000000,     0.0000000,      0.00, 0, 0, 0, 0
Dose, 2018,  8, 11, 16, 55, 20,    0.0000000,     0.0000000,      0.00, 0, 0, 0, 0
Dose, 2018,  8, 11, 16, 55, 30,    0.0000000,     0.0000000,      0.00, 0, 0, 0, 0
Dose, 2018,  8, 11, 16, 55, 40,    0.0000000,     0.0000000,      0.00, 0, 0, 0, 0
Dose, 2018,  8, 11, 16, 55, 50,    0.0000000,     0.0000000,      0.00, 0, 0, 0, 0
Dose, 2018,  8, 11, 16, 56,  0,    0.0000000,     0.0000000,      0.00, 0, 0, 0, 1
Dose, 2018,  8, 11, 16, 56, 10,    0.0000000,     0.0000000,      0.00, 0, 0, 0, 0
Dose, 2018,  8, 11, 16, 56, 20,    0.0000000,     0.0000000,      0.00, 0, 0, 0, 0
Dose, 2018,  8, 11, 16, 56, 30,    0.0000000,     0.0000000,      0.00, 0, 0, 0, 0
Dose, 2018,  8, 11, 16, 56, 40,    0.0000000,     0.0000000,      0.00, 0, 0, 0, 0
Dose, 2018,  8, 11, 16, 56, 50,    0.0000000,     0.0000000,      0.00, 0, 0, 0, 0
Dose, 2018,  8, 11, 16, 57,  0,    0.0000000,     0.0000000,      0.00, 0, 0, 0, 0
Dose, 2018,  8, 11, 16, 57, 10,    0.0000000,     0.0000000,      0.00, 0, 0, 0, 0
Dose, 2018,  8, 11, 16, 57, 20,    0.0000000,     0.0000000,      0.00, 0, 0, 0, 0
Dose, 2018,  8, 11, 16, 57, 30,    0.0000000,     0.0000000,      0.00, 0, 0, 0, 0
Dose, 2018,  8, 11, 16, 57, 40,    0.0000000,     0.0000000,      0.00, 0, 0, 0, 0
Dose, 2018,  8, 11, 16, 57, 50,    0.0000000,     0.0000000,      0.00, 0, 0, 0, 0
Dose, 2018,  8, 11, 16, 58,  0,    0.0000000,     0.0000000,      0.00, 0, 0, 0, 0
Dose, 2018,  8, 11, 16, 58, 10,    0.0000000,     0.0000000,      0.00, 0, 0, 0, 0
Dose, 2018,  8, 11, 16, 58, 20,    0.0000000,     0.0000000,      0.00, 0, 0, 0, 0
Dose, 2018,  8, 11, 16, 58, 30,    0.0000000,     0.0000000,      0.00, 0, 0, 0, 0
Dose, 2018,  8, 11, 16, 58, 40,    0.0000000,     0.0000000,      0.00, 0, 0, 0, 0
Dose, 2018,  8, 11, 16, 58, 50,    0.0000000,     0.0000000,      0.00, 0, 0, 0, 0
Dose, 2018,  8, 11, 16, 59,  0,    0.0000000,     0.0000000,      0.00, 0, 0, 0, 0
Dose, 2018,  8, 11, 16, 59, 10,    0.0000000,     0.0000000,      0.00, 0, 0, 0, 0
Dose, 2018,  8, 11, 16, 59, 20,    0.0000000,     0.0000000,      0.00, 0, 0, 0, 0
Dose, 2018,  8, 11, 16, 59, 30,    0.0000000,     0.0000000,      0.00, 0, 0, 0, 0
Dose, 2018,  8, 11, 16, 59, 40,    0.0000000,     0.0000000,      0.00, 0, 0, 0, 0
Dose, 2018,  8, 11, 16, 59, 50,    0.0000000,     0.0000000,      0.00, 0, 0, 0, 0
Dose, 2018,  8, 11, 17,  0,  0,    0.0000000,     0.0000000,      0.00, 0, 0, 0, 0
Dose, 2018,  8, 11, 17,  0, 10,    0.0000000,     0.0000000,      0.00, 0, 0, 0, 0
Dose, 2018,  8, 11, 17,  0, 20,    0.0000000,     0.0000000,      0.00, 0, 0, 0, 0
Dose, 2018,  8, 11, 17,  0, 30,    0.0000000,     0.0000000,      0.00, 0, 0, 0, 0
Dose, 2018,  8, 11, 17,  0, 40,    0.0000000,     0.0000000,      0.00, 0, 0, 0, 0
Dose, 2018,  8, 11, 17,  0, 50,    0.0000000,     0.0000000,      0.00, 0, 0, 0, 0
Dose, 2018,  8, 11, 17,  1,  0,    0.0000000,     0.0000000,      0.00, 0, 0, 0, 0
Dose, 2018,  8, 11, 17,  1, 10,    0.0000000,     0.0000000,      0.00, 0, 0, 0, 0
Dose, 2018,  8, 11, 17,  1, 20,    0.0000000,     0.0000000,      0.00, 0, 0, 0, 0
Dose, 2018,  8, 11, 17,  1, 30,    0.0000000,     0.0000000,      0.00, 0, 0, 0, 0
Dose, 2018,  8, 11, 17,  1, 40,    0.0000000,     0.0000000,      0.00, 0, 0, 0, 0
Dose, 2018,  8, 11, 17,  1, 50,    0.0000000,     0.0000000,      0.00, 0, 0, 0, 0
Dose, 2018,  8, 11, 17,  2,  0,    0.0000000,     0.0000000,      0.00, 0, 0, 0, 0
Dose, 2018,  8, 11, 17,  2, 10,    0.0000000,     0.0000000,      0.00, 0, 0, 0, 0
Dose, 2018,  8, 11, 17,  2, 20,    0.0000000,     0.0000000,      0.00, 0, 0, 0, 0
Dose, 2018,  8, 11, 17,  2, 30,    0.0000000,     0.0000000,      0.00, 0, 0, 0, 0
Dose, 2018,  8, 11, 17,  2, 40,    0.0000000,     0.0000000,      0.00, 0, 0, 0, 0
Dose, 2018,  8, 11, 17,  2, 50,    0.0000000,     0.0000000,      0.00, 0, 0, 0, 0
Dose, 2018,  8, 11, 17,  3,  0,    0.0000000,     0.0000000,      0.00, 0, 0, 0, 0
Dose, 2018,  8, 11, 17,  3, 10,    0.0000000,     0.0000000,      0.00, 0, 0, 0, 0
Dose, 2018,  8, 11, 17,  3, 20,    0.0000000,     0.0000000,      0.00, 0, 0, 0, 0
Dose, 2018,  8, 11, 17,  3, 30,    0.0000000,     0.0000000,      0.00, 0, 0, 0, 0
Dose, 2018,  8, 11, 17,  3, 40,    0.0000000,     0.0000000,      0.00, 0, 0, 0, 0
Dose, 2018,  8, 11, 17,  3, 50,    0.0000000,     0.0000000,      0.00, 0, 0, 0, 0
Dose, 2018,  8, 11, 17,  4,  0,    0.0000000,     0.0000000,      0.00, 0, 0, 0, 0
Dose, 2018,  8, 11, 17,  4, 10,    0.0000000,     0.0000000,      0.00, 0, 1, 0, 0
Dose, 2018,  8, 11, 17,  4, 20,    0.0000000,     0.0000000,      0.00, 0, 0, 0, 0
Dose, 2018,  8, 11, 17,  4, 30,    0.0000000,     0.0000000,      0.00, 0, 0, 0, 0
Dose, 2018,  8, 11, 17,  4, 40,    0.0000000,     0.0000000,      0.00, 0, 0, 0, 0
Dose, 2018,  8, 11, 17,  4, 50,    0.0000000,     0.0000000,      0.00, 0, 0, 0, 0
Dose, 2018,  8, 11, 17,  5,  0,    0.0000000,     0.0000000,      0.00, 0, 0, 0, 0
Dose, 2018,  8, 11, 17,  5, 10,    0.0000000,     0.0000000,      0.00, 0, 0, 0, 0
Dose, 2018,  8, 11, 17,  5, 20,    0.0000000,     0.0000000,      0.00, 0, 0, 0, 0
Dose, 2018,  8, 11, 17,  5, 30,    0.0000000,     0.0000000,      0.00, 0, 0, 0, 0
Dose, 2018,  8, 11, 17,  5, 40,    0.0000000,     0.0000000,      0.00, 0, 0, 0, 0
Dose, 2018,  8, 11, 17,  5, 50,    0.0000000,     0.0000000,      0.00, 0, 0, 0, 0
Dose, 2018,  8, 11, 17,  6,  0,    0.0000000,     0.0000000,      0.00, 0, 0, 0, 0
Dose, 2018,  8, 11, 17,  6, 10,    0.0000000,     0.0000000,      0.00, 0, 0, 0, 0
Dose, 2018,  8, 11, 17,  6, 20,    0.0000000,     0.0000000,      0.00, 0, 0, 0, 0
Dose, 2018,  8, 11, 17,  6, 30,    0.0000000,     0.0000000,      0.00, 0, 0, 0, 0
Dose, 2018,  8, 11, 17,  6, 40,    0.0000000,     0.0000000,      0.00, 0, 0, 0, 0
Dose, 2018,  8, 11, 17,  6, 50,    0.0000000,     0.0000000,      0.00, 0, 0, 0, 0
Dose, 2018,  8, 11, 17,  7,  0,    0.0000000,     0.0000000,      0.00, 0, 0, 0, 0
Dose, 2018,  8, 11, 17,  7, 10,    0.0000000,     0.0000000,      0.00, 0, 0, 0, 0
Dose, 2018,  8, 11, 17,  7, 20,    0.0000000,     0.0000000,      0.00, 0, 0, 0, 0
Dose, 2018,  8, 11, 17,  7, 30,    0.0000000,     0.0000000,      0.00, 0, 0, 0, 0
Dose, 2018,  8, 11, 17,  7, 40,    0.0000000,     0.0000000,      0.00, 0, 0, 0, 0
Dose, 2018,  8, 11, 17,  7, 50,    0.0000000,     0.0000000,      0.00, 0, 0, 0, 0
Dose, 2018,  8, 11, 17,  8,  0,    0.0000000,     0.0000000,      0.00, 0, 0, 0, 0
Dose, 2018,  8, 11, 17,  8, 10,    0.0000000,     0.0000000,      0.00, 0, 0, 0, 0
Dose, 2018,  8, 11, 17,  8, 20,    0.0000000,     0.0000000,      0.00, 0, 0, 0, 0
Dose, 2018,  8, 11, 17,  8, 30,    0.0000000,     0.0000000,      0.00, 0, 0, 0, 0
Dose, 2018,  8, 11, 17,  8, 40,    0.0000000,     0.0000000,      0.00, 0, 0, 0, 0
Dose, 2018,  8, 11, 17,  8, 50,    0.0000000,     0.0000000,      0.00, 0, 0, 0, 0
Dose, 2018,  8, 11, 17,  9,  0,    0.0000000,     0.0000000,      0.00, 0, 0, 0, 0
Dose, 2018,  8, 11, 17,  9, 10,    0.0000000,     0.0000000,      0.00, 0, 0, 0, 0
Dose, 2018,  8, 11, 17,  9, 20,    0.0000000,     0.0000000,      0.00, 0, 0, 0, 0
Dose, 2018,  8, 11, 17,  9, 30,    0.0000000,     0.0000000,      0.00, 0, 0, 0, 0
Dose, 2018,  8, 11, 17,  9, 40,    0.0000000,     0.0000000,      0.00, 0, 0, 0, 0
Dose, 2018,  8, 11, 17,  9, 50,    0.0000000,     0.0000000,      0.00, 0, 0, 0, 0
Dose, 2018,  8, 11, 17, 10,  0,    0.0000000,     0.0000000,      0.00, 0, 0, 0, 0
Dose, 2018,  8, 11, 17, 10, 10,    0.0000000,     0.0000000,      0.00, 0, 0, 0, 0
Dose, 2018,  8, 11, 17, 10, 20,    0.0000000,     0.0000000,      0.00, 0, 0, 0, 0
Dose, 2018,  8, 11, 17, 10, 30,    0.0000000,     0.0000000,      0.00, 0, 0, 0, 0
Dose, 2018,  8, 11, 17, 10, 40,    0.0000000,     0.0000000,      0.00, 0, 0, 0, 0
Dose, 2018,  8, 11, 17, 10, 50,    0.0000000,     0.0000000,      0.00, 0, 0, 0, 0
Dose, 2018,  8, 11, 17, 11,  0,    0.0000000,     0.0000000,      0.00, 0, 0, 0, 0
Dose, 2018,  8, 11, 17, 11, 10,    0.0000000,     0.0000000,      0.00, 0, 0, 0, 0
Dose, 2018,  8, 11, 17, 11, 20,    0.0000000,     0.0000000,      0.00, 0, 0, 0, 0
Dose, 2018,  8, 11, 17, 11, 30,    0.0000000,     0.0000000,      0.00, 0, 0, 0, 0
Dose, 2018,  8, 11, 17, 11, 40,    0.0000000,     0.0000000,      0.00, 0, 0, 0, 0
Dose, 2018,  8, 11, 17, 11, 50,    0.0000000,     0.0000000,      0.00, 0, 0, 0, 0
Dose, 2018,  8, 11, 17, 12,  0,    0.0000000,     0.0000000,      0.00, 0, 0, 0, 0
Dose, 2018,  8, 11, 17, 12, 10,    0.0000000,     0.0000000,      0.00, 0, 0, 0, 0
Dose, 2018,  8, 11, 17, 12, 20,    0.0000000,     0.0000000,      0.00, 0, 0, 0, 0
Dose, 2018,  8, 11, 17, 12, 30,    0.0000000,     0.0000000,      0.00, 0, 0, 0, 0
Dose, 2018,  8, 11, 17, 12, 40,    0.0000000,     0.0000000,      0.00, 0, 0, 0, 0
Dose, 2018,  8, 11, 17, 12, 50,    0.0000000,     0.0000000,      0.00, 0, 0, 0, 0
Dose, 2018,  8, 11, 17, 13,  0,    0.0000000,     0.0000000,      0.00, 0, 0, 0, 0
Dose, 2018,  8, 11, 17, 13, 10,    0.0000000,     0.0000000,      0.00, 0, 0, 0, 0
Dose, 2018,  8, 11, 17, 13, 20,    0.0000000,     0.0000000,      0.00, 0, 0, 0, 0
Dose, 2018,  8, 11, 17, 13, 30,    0.0000000,     0.0000000,      0.00, 0, 0, 0, 0
Dose, 2018,  8, 11, 17, 13, 40,    0.0000000,     0.0000000,      0.00, 0, 0, 0, 0
Dose, 2018,  8, 11, 17, 13, 50,    0.0000000,     0.0000000,      0.00, 0, 0, 0, 0
Dose, 2018,  8, 11, 17, 14,  0,    0.0000000,     0.0000000,      0.00, 0, 0, 0, 0
Dose, 2018,  8, 11, 17, 14, 10,    0.0000000,     0.0000000,      0.00, 0, 0, 0, 0
Dose, 2018,  8, 11, 17, 14, 20,    0.0000000,     0.0000000,      0.00, 0, 0, 0, 0
Dose, 2018,  8, 11, 17, 14, 30,    0.0000000,     0.0000000,      0.00, 0, 0, 0, 0
Dose, 2018,  8, 11, 17, 14, 40,    0.0000000,     0.0000000,      0.00, 0, 0, 0, 0
Dose, 2018,  8, 11, 17, 14, 50,    0.0000000,     0.0000000,      0.00, 0, 0, 0, 0
Dose, 2018,  8, 11, 17, 15,  0,    0.0000000,     0.0000000,      0.00, 0, 0, 0, 0
Dose, 2018,  8, 11, 17, 15, 10,    0.0000000,     0.0000000,      0.00, 0, 0, 0, 0
Dose, 2018,  8, 11, 17, 15, 20,    0.0000000,     0.0000000,      0.00, 0, 0, 0, 0
Dose, 2018,  8, 11, 17, 15, 30,    0.0000000,     0.0000000,      0.00, 0, 0, 0, 0
Dose, 2018,  8, 11, 17, 15, 40,    0.0000000,     0.0000000,      0.00, 0, 0, 0, 0
Dose, 2018,  8, 11, 17, 15, 50,    0.0000000,     0.0000000,      0.00, 0, 0, 0, 0
Dose, 2018,  8, 11, 17, 16,  0,    0.0000000,     0.0000000,      0.00, 0, 0, 0, 0
Dose, 2018,  8, 11, 17, 16, 10,    0.0000000,     0.0000000,      0.00, 0, 0, 0, 0
Dose, 2018,  8, 11, 17, 16, 20,    0.0000000,     0.0000000,      0.00, 0, 0, 0, 0
Dose, 2018,  8, 11, 17, 16, 30,    0.0000000,     0.0000000,      0.00, 0, 0, 0, 0
Dose, 2018,  8, 11, 17, 16, 40,    0.0000000,     0.0000000,      0.00, 0, 0, 0, 0
Dose, 2018,  8, 11, 17, 16, 50,    0.0000000,     0.0000000,      0.00, 0, 0, 0, 0
Dose, 2018,  8, 11, 17, 17,  0,    0.0000000,     0.0000000,      0.00, 0, 0, 0, 0
Dose, 2018,  8, 11, 17, 17, 10,    0.0000000,     0.0000000,      0.00, 0, 0, 0, 0
Dose, 2018,  8, 11, 17, 17, 20,    0.0000000,     0.0000000,      0.00, 0, 0, 0, 0
Dose, 2018,  8, 11, 17, 17, 30,    0.0000000,     0.0000000,      0.00, 0, 0, 0, 0
Dose, 2018,  8, 11, 17, 17, 40,    0.0000000,     0.0000000,      0.00, 0, 0, 0, 0
Dose, 2018,  8, 11, 17, 17, 50,    0.0000000,     0.0000000,      0.00, 0, 0, 0, 0
Dose, 2018,  8, 11, 17, 18,  0,    0.0000000,     0.0000000,      0.00, 0, 0, 0, 0
Dose, 2018,  8, 11, 17, 18, 10,    0.0000000,     0.0000000,      0.00, 0, 0, 0, 0
Dose, 2018,  8, 11, 17, 18, 20,    0.0000000,     0.0000000,      0.00, 0, 0, 0, 0
Dose, 2018,  8, 11, 17, 18, 30,    0.0000000,     0.0000000,      0.00, 0, 0, 0, 0
Dose, 2018,  8, 11, 17, 18, 40,    0.0000000,     0.0000000,      0.00, 0, 0, 0, 0
Dose, 2018,  8, 11, 17, 18, 50,    0.0000000,     0.0000000,      0.00, 0, 0, 0, 0
Dose, 2018,  8, 11, 17, 19,  0,    0.0000000,     0.0000000,      0.00, 0, 0, 0, 0
Dose, 2018,  8, 11, 17, 19, 10,    0.0000000,     0.0000000,      0.00, 0, 0, 0, 0
Dose, 2018,  8, 11, 17, 19, 20,    0.0000000,     0.0000000,      0.00, 0, 0, 0, 0
Dose, 2018,  8, 11, 17, 19, 30,    0.0000000,     0.0000000,      0.00, 0, 0, 0, 0
Dose, 2018,  8, 11, 17, 19, 40,    0.0000000,     0.0000000,      0.00, 0, 0, 0, 0
Dose, 2018,  8, 11, 17, 19, 50,    0.0000000,     0.0000000,      0.00, 0, 0, 0, 0
Dose, 2018,  8, 11, 17, 20,  0,    0.0000000,     0.0000000,      0.00, 0, 0, 0, 0
Dose, 2018,  8, 11, 17, 20, 10,    0.0000000,     0.0000000,      0.00, 0, 0, 0, 0
Dose, 2018,  8, 11, 17, 20, 20,    0.0000000,     0.0000000,      0.00, 0, 0, 0, 0
Dose, 2018,  8, 11, 17, 20, 30,    0.0000000,     0.0000000,      0.00, 0, 0, 0, 0
Dose, 2018,  8, 11, 17, 20, 40,    0.0000000,     0.0000000,      0.00, 0, 0, 0, 0
Dose, 2018,  8, 11, 17, 20, 50,    0.0000000,     0.0000000,      0.00, 0, 0, 0, 0
Dose, 2018,  8, 11, 17, 21,  0,    0.0000000,     0.0000000,      0.00, 0, 0, 0, 0
Dose, 2018,  8, 11, 17, 21, 10,    0.0000000,     0.0000000,      0.00, 0, 0, 0, 0
Dose, 2018,  8, 11, 17, 21, 20,    0.0000000,     0.0000000,      0.00, 0, 0, 0, 0
Dose, 2018,  8, 11, 17, 21, 30,    0.0000000,     0.0000000,      0.00, 0, 0, 0, 0
Dose, 2018,  8, 11, 17, 21, 40,    0.0000000,     0.0000000,      0.00, 0, 0, 0, 0
Dose, 2018,  8, 11, 17, 21, 50,    0.0000000,     0.0000000,      0.00, 0, 0, 0, 0
Dose, 2018,  8, 11, 17, 22,  0,    0.0000000,     0.0000000,      0.00, 0, 0, 0, 0
Dose, 2018,  8, 11, 17, 22, 10,    0.0000000,     0.0000000,      0.00, 0, 0, 0, 0
Dose, 2018,  8, 11, 17, 22, 20,    0.0000000,     0.0000000,      0.00, 0, 0, 0, 0
Dose, 2018,  8, 11, 17, 22, 30,    0.0000000,     0.0000000,      0.00, 0, 0, 0, 0
Dose, 2018,  8, 11, 17, 22, 40,    0.0000000,     0.0000000,      0.00, 0, 0, 0, 0
Dose, 2018,  8, 11, 17, 22, 50,    0.0000000,     0.0000000,      0.00, 0, 0, 0, 0
Dose, 2018,  8, 11, 17, 23,  0,    0.0000000,     0.0000000,      0.00, 0, 0, 0, 0
Dose, 2018,  8, 11, 17, 23, 10,    0.0000000,     0.0000000,      0.00, 0, 0, 0, 0
Dose, 2018,  8, 11, 17, 23, 20,    0.0000000,     0.0000000,      0.00, 0, 0, 0, 0
Dose, 2018,  8, 11, 17, 23, 30,    0.0000000,     0.0000000,      0.00, 0, 0, 0, 0
Dose, 2018,  8, 11, 17, 23, 40,    0.0000000,     0.0000000,      0.00, 0, 0, 0, 0
Dose, 2018,  8, 11, 17, 23, 50,    0.0000000,     0.0000000,      0.00, 0, 0, 0, 0
Dose, 2018,  8, 11, 17, 24,  0,    0.0000000,     0.0000000,      0.00, 0, 0, 0, 0
Dose, 2018,  8, 11, 17, 24, 10,    0.0000000,     0.0000000,      0.00, 0, 0, 0, 0
Dose, 2018,  8, 11, 17, 24, 20,    0.0000000,     0.0000000,      0.00, 0, 0, 0, 0
Dose, 2018,  8, 11, 17, 24, 30,    0.0000000,     0.0000000,      0.00, 0, 0, 0, 0
Dose, 2018,  8, 11, 17, 24, 40,    0.0000000,     0.0000000,      0.00, 0, 0, 0, 0
Dose, 2018,  8, 11, 17, 24, 50,    0.0000000,     0.0000000,      0.00, 0, 0, 0, 0
Dose, 2018,  8, 11, 17, 25,  0,    0.0000000,     0.0000000,      0.00, 0, 0, 0, 0
Dose, 2018,  8, 11, 17, 25, 10,    0.0000000,     0.0000000,      0.00, 0, 0, 0, 0
Dose, 2018,  8, 11, 17, 25, 20,    0.0000000,     0.0000000,      0.00, 0, 0, 0, 0
Dose, 2018,  8, 11, 17, 25, 30,    0.0000000,     0.0000000,      0.00, 0, 0, 0, 0
Dose, 2018,  8, 11, 17, 25, 40,    0.0000000,     0.0000000,      0.00, 0, 0, 0, 0
Dose, 2018,  8, 11, 17, 25, 50,    0.0000000,     0.0000000,      0.00, 0, 0, 0, 0
Dose, 2018,  8, 11, 17, 26,  0,    0.0000000,     0.0000000,      0.00, 0, 0, 0, 0
Dose, 2018,  8, 11, 17, 26, 10,    0.0000000,     0.0000000,      0.00, 0, 0, 0, 0
Dose, 2018,  8, 11, 17, 26, 20,    0.0000000,     0.0000000,      0.00, 0, 0, 0, 0
Dose, 2018,  8, 11, 17, 26, 30,    0.0000000,     0.0000000,      0.00, 0, 0, 0, 0
Dose, 2018,  8, 11, 17, 26, 40,    0.0000000,     0.0000000,      0.00, 0, 0, 0, 0
Dose, 2018,  8, 11, 17, 26, 50,    0.0000000,     0.0000000,      0.00, 0, 0, 0, 0
Dose, 2018,  8, 11, 17, 27,  0,    0.0000000,     0.0000000,      0.00, 0, 0, 0, 0
Dose, 2018,  8, 11, 17, 27, 10,    0.0000000,     0.0000000,      0.00, 0, 0, 0, 0
Dose, 2018,  8, 11, 17, 27, 20,    0.0000000,     0.0000000,      0.00, 0, 0, 0, 0
Dose, 2018,  8, 11, 17, 27, 30,    0.0000000,     0.0000000,      0.00, 0, 0, 0, 0
Dose, 2018,  8, 11, 17, 27, 40,    0.0000000,     0.0000000,      0.00, 0, 0, 0, 0
Dose, 2018,  8, 11, 17, 27, 50,    0.0000000,     0.0000000,      0.00, 0, 0, 0, 0
Dose, 2018,  8, 11, 17, 28,  0,    0.0000000,     0.0000000,      0.00, 0, 0, 0, 0
Dose, 2018,  8, 11, 17, 28, 10,    0.0000000,     0.0000000,      0.00, 0, 0, 0, 0
Dose, 2018,  8, 11, 17, 28, 20,    0.0000000,     0.0000000,      0.00, 0, 0, 0, 0
Dose, 2018,  8, 11, 17, 28, 30,    0.0000000,     0.0000000,      0.00, 0, 0, 0, 0
Dose, 2018,  8, 11, 17, 28, 40,    0.0000000,     0.0000000,      0.00, 0, 0, 0, 0
Dose, 2018,  8, 11, 17, 28, 50,    0.0000000,     0.0000000,      0.00, 0, 0, 0, 0
Dose, 2018,  8, 11, 17, 29,  0,    0.0000000,     0.0000000,      0.00, 0, 0, 0, 0
Dose, 2018,  8, 11, 17, 29, 10,    0.0000000,     0.0000000,      0.00, 0, 0, 0, 0
Dose, 2018,  8, 11, 17, 29, 20,    0.0000000,     0.0000000,      0.00, 0, 0, 0, 0
Dose, 2018,  8, 11, 17, 29, 30,    0.0000000,     0.0000000,      0.00, 0, 0, 0, 0
Dose, 2018,  8, 11, 17, 29, 40,    0.0000000,     0.0000000,      0.00, 0, 0, 0, 0
Dose, 2018,  8, 11, 17, 29, 50,    0.0000000,     0.0000000,      0.00, 0, 0, 0, 0
Dose, 2018,  8, 11, 17, 30,  0,    0.0000000,     0.0000000,      0.00, 0, 0, 0, 0
Dose, 2018,  8, 11, 17, 30, 10,    0.0000000,     0.0000000,      0.00, 0, 0, 0, 0
Dose, 2018,  8, 11, 17, 30, 20,    0.0000000,     0.0000000,      0.00, 0, 0, 0, 0
Dose, 2018,  8, 11, 17, 30, 30,    0.0000000,     0.0000000,      0.00, 0, 0, 0, 0
Dose, 2018,  8, 11, 17, 30, 40,    0.0000000,     0.0000000,      0.00, 0, 0, 0, 0
Dose, 2018,  8, 11, 17, 30, 50,    0.0000000,     0.0000000,      0.00, 0, 0, 0, 0
Dose, 2018,  8, 11, 17, 31,  0,    0.0000000,     0.0000000,      0.00, 0, 0, 0, 0
Dose, 2018,  8, 11, 17, 31, 10,    0.0000000,     0.0000000,      0.00, 0, 0, 0, 0
Dose, 2018,  8, 11, 17, 31, 20,    0.0000000,     0.0000000,      0.00, 0, 0, 0, 0
Dose, 2018,  8, 11, 17, 31, 30,    0.0000000,     0.0000000,      0.00, 0, 0, 0, 0
Dose, 2018,  8, 11, 17, 31, 40,    0.0000000,     0.0000000,      0.00, 0, 0, 0, 0
Dose, 2018,  8, 11, 17, 31, 50,    0.0000000,     0.0000000,      0.00, 0, 0, 0, 0
Dose, 2018,  8, 11, 17, 32,  0,    0.0000000,     0.0000000,      0.00, 0, 0, 0, 0
Dose, 2018,  8, 11, 17, 32, 10,    0.0000000,     0.0000000,      0.00, 0, 0, 0, 0
Dose, 2018,  8, 11, 17, 32, 20,    0.0000000,     0.0000000,      0.00, 0, 0, 0, 0
Dose, 2018,  8, 11, 17, 32, 30,    0.0000000,     0.0000000,      0.00, 0, 0, 0, 0
Dose, 2018,  8, 11, 17, 32, 40,    0.0000000,     0.0000000,      0.00, 0, 0, 0, 0
Dose, 2018,  8, 11, 17, 32, 50,    0.0000000,     0.0000000,      0.00, 0, 0, 0, 0
Dose, 2018,  8, 11, 17, 33,  0,    0.0000000,     0.0000000,      0.00, 0, 0, 0, 0
Dose, 2018,  8, 11, 17, 33, 10,    0.0000000,     0.0000000,      0.00, 0, 0, 0, 0
Dose, 2018,  8, 11, 17, 33, 20,    0.0000000,     0.0000000,      0.00, 0, 0, 0, 0
Dose, 2018,  8, 11, 17, 33, 30,    0.0000000,     0.0000000,      0.00, 0, 0, 0, 0
Dose, 2018,  8, 11, 17, 33, 40,    0.0000000,     0.0000000,      0.00, 0, 0, 0, 0
Dose, 2018,  8, 11, 17, 33, 50,    0.0000000,     0.0000000,      0.00, 0, 0, 0, 0
Dose, 2018,  8, 11, 17, 34,  0,    0.0000000,     0.0000000,      0.00, 0, 0, 0, 0
Dose, 2018,  8, 11, 17, 34, 10,    0.0000000,     0.0000000,      0.00, 0, 0, 0, 0
Dose, 2018,  8, 11, 17, 34, 20,    0.0000000,     0.0000000,      0.00, 0, 0, 0, 0
Dose, 2018,  8, 11, 17, 34, 30,    0.0000000,     0.0000000,      0.00, 0, 0, 0, 0
Dose, 2018,  8, 11, 17, 34, 40,    0.0000000,     0.0000000,      0.00, 0, 0, 0, 0
Dose, 2018,  8, 11, 17, 34, 50,    0.0000000,     0.0000000,      0.00, 0, 0, 0, 0
Dose, 2018,  8, 11, 17, 35,  0,    0.0000000,     0.0000000,      0.00, 0, 0, 0, 0
Dose, 2018,  8, 11, 17, 35, 10,    0.0000000,     0.0000000,      0.00, 0, 0, 0, 0
Dose, 2018,  8, 11, 17, 35, 20,    0.0000000,     0.0000000,      0.00, 0, 0, 0, 0
Dose, 2018,  8, 11, 17, 35, 30,    0.0000000,     0.0000000,      0.00, 0, 0, 0, 0
Dose, 2018,  8, 11, 17, 35, 40,    0.0000000,     0.0000000,      0.00, 0, 0, 0, 0
Dose, 2018,  8, 11, 17, 35, 50,    0.0000000,     0.0000000,      0.00, 0, 0, 0, 0
Dose, 2018,  8, 11, 17, 36,  0,    0.0000000,     0.0000000,      0.00, 0, 0, 0, 0
Dose, 2018,  8, 11, 17, 36, 10,    0.0000000,     0.0000000,      0.00, 0, 0, 0, 0
Dose, 2018,  8, 11, 17, 36, 20,    0.0000000,     0.0000000,      0.00, 0, 0, 0, 0
Dose, 2018,  8, 11, 17, 36, 30,    0.0000000,     0.0000000,      0.00, 0, 0, 0, 0
Dose, 2018,  8, 11, 17, 36, 40,    0.0000000,     0.0000000,      0.00, 0, 0, 0, 0
Dose, 2018,  8, 11, 17, 36, 50,    0.0000000,     0.0000000,      0.00, 0, 0, 0, 0
Dose, 2018,  8, 11, 17, 37,  0,    0.0000000,     0.0000000,      0.00, 0, 0, 0, 0
Dose, 2018,  8, 11, 17, 37, 10,    0.0000000,     0.0000000,      0.00, 0, 0, 0, 0
Dose, 2018,  8, 11, 17, 37, 20,    0.0000000,     0.0000000,      0.00, 0, 0, 0, 0
Dose, 2018,  8, 11, 17, 37, 30,    0.0000000,     0.0000000,      0.00, 0, 0, 0, 0
Dose, 2018,  8, 11, 17, 37, 40,    0.0000000,     0.0000000,      0.00, 0, 0, 0, 0
Dose, 2018,  8, 11, 17, 37, 50,    0.0000000,     0.0000000,      0.00, 0, 0, 0, 0
Dose, 2018,  8, 11, 17, 38,  0,    0.0000000,     0.0000000,      0.00, 0, 0, 0, 0
Dose, 2018,  8, 11, 17, 38, 10,    0.0000000,     0.0000000,      0.00, 0, 0, 0, 0
Dose, 2018,  8, 11, 17, 38, 20,    0.0000000,     0.0000000,      0.00, 0, 0, 0, 0
Dose, 2018,  8, 11, 17, 38, 30,    0.0000000,     0.0000000,      0.00, 0, 0, 0, 0
Dose, 2018,  8, 11, 17, 38, 40,    0.0000000,     0.0000000,      0.00, 0, 0, 0, 0
Dose, 2018,  8, 11, 17, 38, 50,    0.0000000,     0.0000000,      0.00, 0, 0, 0, 0
Dose, 2018,  8, 11, 17, 39,  0,    0.0000000,     0.0000000,      0.00, 0, 0, 0, 0
Dose, 2018,  8, 11, 17, 39, 10,    0.0000000,     0.0000000,      0.00, 0, 0, 0, 0
Dose, 2018,  8, 11, 17, 39, 20,    0.0000000,     0.0000000,      0.00, 0, 0, 0, 0
Dose, 2018,  8, 11, 17, 39, 30,    0.0000000,     0.0000000,      0.00, 0, 0, 0, 0
Dose, 2018,  8, 11, 17, 39, 40,    0.0000000,     0.0000000,      0.00, 0, 0, 0, 0
Dose, 2018,  8, 11, 17, 39, 50,    0.0000000,     0.0000000,      0.00, 0, 0, 0, 0
Dose, 2018,  8, 11, 17, 40,  0,    0.0000000,     0.0000000,      0.00, 0, 0, 0, 0
Dose, 2018,  8, 11, 17, 40, 10,    0.0000000,     0.0000000,      0.00, 0, 0, 0, 0
Dose, 2018,  8, 11, 17, 40, 20,    0.0000000,     0.0000000,      0.00, 0, 0, 0, 0
Dose, 2018,  8, 11, 17, 40, 30,    0.0000000,     0.0000000,      0.00, 0, 0, 0, 0
Dose, 2018,  8, 11, 17, 40, 40,    0.0000000,     0.0000000,      0.00, 0, 0, 0, 0
Dose, 2018,  8, 11, 17, 40, 50,    0.0000000,     0.0000000,      0.00, 0, 0, 0, 0
Dose, 2018,  8, 11, 17, 41,  0,    0.0000000,     0.0000000,      0.00, 0, 0, 0, 0
Dose, 2018,  8, 11, 17, 41, 10,    0.0000000,     0.0000000,      0.00, 0, 0, 0, 0
Dose, 2018,  8, 11, 17, 41, 20,    0.0000000,     0.0000000,      0.00, 0, 0, 0, 0
Dose, 2018,  8, 11, 17, 41, 30,    0.0000000,     0.0000000,      0.00, 0, 0, 0, 0
Dose, 2018,  8, 11, 17, 41, 40,    0.0000000,     0.0000000,      0.00, 0, 0, 0, 0
Dose, 2018,  8, 11, 17, 41, 50,    0.0000000,     0.0000000,      0.00, 0, 0, 0, 0
Dose, 2018,  8, 11, 17, 42,  0,    0.0000000,     0.0000000,      0.00, 0, 0, 0, 0
Dose, 2018,  8, 11, 17, 42, 10,    0.0000000,     0.0000000,      0.00, 0, 0, 0, 0
Dose, 2018,  8, 11, 17, 42, 20,    0.0000000,     0.0000000,      0.00, 0, 0, 0, 0
Dose, 2018,  8, 11, 17, 42, 30,    0.0000000,     0.0000000,      0.00, 0, 0, 0, 0
Dose, 2018,  8, 11, 17, 42, 40,    0.0000000,     0.0000000,      0.00, 0, 0, 0, 0
Dose, 2018,  8, 11, 17, 42, 50,    0.0000000,     0.0000000,      0.00, 0, 0, 0, 0
Dose, 2018,  8, 11, 17, 43,  0,    0.0000000,     0.0000000,      0.00, 0, 0, 0, 0
Dose, 2018,  8, 11, 17, 43, 10,    0.0000000,     0.0000000,      0.00, 0, 0, 0, 0
Dose, 2018,  8, 11, 17, 43, 20,    0.0000000,     0.0000000,      0.00, 0, 0, 0, 0
Dose, 2018,  8, 11, 17, 43, 30,    0.0000000,     0.0000000,      0.00, 0, 0, 0, 0
Dose, 2018,  8, 11, 17, 43, 40,    0.0000000,     0.0000000,      0.00, 0, 0, 0, 0
Dose, 2018,  8, 11, 17, 43, 50,    0.0000000,     0.0000000,      0.00, 0, 0, 0, 0
Dose, 2018,  8, 11, 17, 44,  0,    0.0000000,     0.0000000,      0.00, 0, 0, 0, 0
Dose, 2018,  8, 11, 17, 44, 10,    0.0000000,     0.0000000,      0.00, 0, 0, 0, 0
Dose, 2018,  8, 11, 17, 44, 20,    0.0000000,     0.0000000,      0.00, 0, 0, 0, 0
Dose, 2018,  8, 11, 17, 44, 30,    0.0000000,     0.0000000,      0.00, 0, 0, 0, 0
Dose, 2018,  8, 11, 17, 44, 40,    0.0000000,     0.0000000,      0.00, 0, 0, 0, 0
Dose, 2018,  8, 11, 17, 44, 50,    0.0000000,     0.0000000,      0.00, 0, 0, 0, 0
Dose, 2018,  8, 11, 17, 45,  0,    0.0000000,     0.0000000,      0.00, 0, 0, 0, 0
Dose, 2018,  8, 11, 17, 45, 10,    0.0000000,     0.0000000,      0.00, 0, 0, 0, 0
Dose, 2018,  8, 11, 17, 45, 20,    0.0000000,     0.0000000,      0.00, 0, 0, 0, 0
Dose, 2018,  8, 11, 17, 45, 30,    0.0000000,     0.0000000,      0.00, 0, 0, 0, 0
Dose, 2018,  8, 11, 17, 45, 40,    0.0000000,     0.0000000,      0.00, 0, 0, 0, 0
Dose, 2018,  8, 11, 17, 45, 50,    0.0000000,     0.0000000,      0.00, 0, 0, 0, 0
Dose, 2018,  8, 11, 17, 46,  0,    0.0000000,     0.0000000,      0.00, 0, 0, 0, 0
Dose, 2018,  8, 11, 17, 46, 10,    0.0000000,     0.0000000,      0.00, 0, 0, 0, 0
Dose, 2018,  8, 11, 17, 46, 20,    0.0000000,     0.0000000,      0.00, 0, 0, 0, 0
Dose, 2018,  8, 11, 17, 46, 30,    0.0000000,     0.0000000,      0.00, 0, 0, 0, 0
Dose, 2018,  8, 11, 17, 46, 40,    0.0000000,     0.0000000,      0.00, 0, 0, 0, 0
Dose, 2018,  8, 11, 17, 46, 50,    0.0000000,     0.0000000,      0.00, 0, 0, 0, 0
Dose, 2018,  8, 11, 17, 47,  0,    0.0000000,     0.0000000,      0.00, 0, 0, 0, 0
Dose, 2018,  8, 11, 17, 47, 10,    0.0000000,     0.0000000,      0.00, 0, 0, 0, 0
Dose, 2018,  8, 11, 17, 47, 20,    0.0000000,     0.0000000,      0.00, 0, 0, 0, 0
Dose, 2018,  8, 11, 17, 47, 30,    0.0000000,     0.0000000,      0.00, 0, 0, 0, 0
Dose, 2018,  8, 11, 17, 47, 40,    0.0000000,     0.0000000,      0.00, 0, 0, 0, 0
Dose, 2018,  8, 11, 17, 47, 50,    0.0000000,     0.0000000,      0.00, 0, 0, 0, 0
Dose, 2018,  8, 11, 17, 48,  0,    0.0000000,     0.0000000,      0.00, 0, 0, 0, 0
Dose, 2018,  8, 11, 17, 48, 10,    0.0000000,     0.0000000,      0.00, 0, 0, 0, 0
Dose, 2018,  8, 11, 17, 48, 20,    0.0000000,     0.0000000,      0.00, 0, 0, 0, 0
Dose, 2018,  8, 11, 17, 48, 30,    0.0000000,     0.0000000,      0.00, 0, 0, 0, 0
Dose, 2018,  8, 11, 17, 48, 40,    0.0000000,     0.0000000,      0.00, 0, 0, 0, 0
Dose, 2018,  8, 11, 17, 48, 50,    0.0000000,     0.0000000,      0.00, 0, 0, 0, 0
Dose, 2018,  8, 11, 17, 49,  0,    0.0000000,     0.0000000,      0.00, 0, 0, 0, 0
Dose, 2018,  8, 11, 17, 49, 10,    0.0000000,     0.0000000,      0.00, 0, 0, 0, 0
Dose, 2018,  8, 11, 17, 49, 20,    0.0000000,     0.0000000,      0.00, 0, 0, 0, 0
Dose, 2018,  8, 11, 17, 49, 30,    0.0000000,     0.0000000,      0.00, 0, 0, 0, 0
Dose, 2018,  8, 11, 17, 49, 40,    0.0000000,     0.0000000,      0.00, 0, 0, 0, 0
Dose, 2018,  8, 11, 17, 49, 50,    0.0000000,     0.0000000,      0.00, 0, 0, 0, 0
Dose, 2018,  8, 11, 17, 50,  0,    0.0000000,     0.0000000,      0.00, 0, 0, 0, 0
Dose, 2018,  8, 11, 17, 50, 10,    0.0000000,     0.0000000,      0.00, 0, 0, 0, 0
Dose, 2018,  8, 11, 17, 50, 20,    0.0000000,     0.0000000,      0.00, 0, 0, 0, 0
Dose, 2018,  8, 11, 17, 50, 30,    0.0000000,     0.0000000,      0.00, 0, 0, 0, 0
Dose, 2018,  8, 11, 17, 50, 40,    0.0000000,     0.0000000,      0.00, 0, 0, 0, 0
Dose, 2018,  8, 11, 17, 50, 50,    0.0000000,     0.0000000,      0.00, 0, 0, 0, 0
Dose, 2018,  8, 11, 17, 51,  0,    0.0000000,     0.0000000,      0.00, 0, 0, 0, 0
Dose, 2018,  8, 11, 17, 51, 10,    0.0000000,     0.0000000,      0.00, 0, 0, 0, 0
Dose, 2018,  8, 11, 17, 51, 20,    0.0000000,     0.0000000,      0.00, 0, 0, 0, 0
Dose, 2018,  8, 11, 17, 51, 30,    0.0000000,     0.0000000,      0.00, 0, 0, 0, 0
Dose, 2018,  8, 11, 17, 51, 40,    0.0000000,     0.0000000,      0.00, 0, 0, 0, 0
Dose, 2018,  8, 11, 17, 51, 50,    0.0000000,     0.0000000,      0.00, 0, 0, 0, 0
Dose, 2018,  8, 11, 17, 52,  0,    0.0000000,     0.0000000,      0.00, 0, 0, 0, 0
