PPAA 63188 /////
44385 29542 28072 27575 44340 26085 26106 26615 44320 27129
26605 27601
77999

PPBB 63188 /////
21212 00973 27018 11972 26030 22959 26030 33895 29036 44791
29551 55691 28074 66650 27070 77566 27565 88419 27077 99398
26086 11200 27129 22167 27624 33127 27087 44112 28093

PPCC 63188 /////
44370 27597 27602 28105 44120 27125
77212 27131 43127 77869 27118 41817

PPDD 63188 /////
21212 11869 27118 22823 26611 33677 28094 44543 27606 55342
28598 66266 28102 77212 27131 88184 27105 99173 27610
