TTAA 63181 /////
99973 13060 27018 00523 ///// ///// 92626 08058 27532 85317
03056 29542 70864 05542 28072 50544 19360 27575 40705 30758
26085 30903 46760 26106 25021 55759 26615 20160 67550 27129
15330 66579 26605 10578 65970 27601
88170 74362 27625
77999
31313 40708 81817

TTBB 63188 /////
00973 13060 11973 11259 22971 10858 33953 09057 44821 00646
55671 07736 66666 07150 77615 11746 88547 14159 99528 16160
11425 29359 22392 31558 33340 40756 44338 40756 55285 48969
66265 52165 77225 61541 88180 73359 99170 74362 11160 67770
22158 67779 33131 63177 44101 66969
21212 11973 27018 22972 26030 33959 26030 44895 29036 55791
29551 66691 28074 77650 27070 88566 27565 99419 27077 11398
26086 22200 27129 33167 27624 44127 27087 55112 28093
31313 40708 81817
41414 /////
51515 77059 00950 29557 60058 12150 27572
