TTAA 63181 /////
99973 13060 27018 00523 ///// ///// 92626 08058 27532 85317
03056 29542 70864 05542 28072 50544 19360 27575 40705 30758
26085 30903 46760 26106 25021 55759 26615 20160 67550 27129
15330 66579 26605 10578 65970 27601
88170 74362 27625
77999
31313 40708 81817

TTBB 63188 /////
00973 13060 11973 11259 22971 10858 33953 09057 44821 00646
55671 07736 66666 07150 77615 11746 88547 14159 99528 16160
11425 29359 22392 31558 33340 40756 44338 40756 55285 48969
66265 52165 77225 61541 88180 73359 99170 74362 11160 67770
22158 67779 33131 63177 44101 66969
21212 11973 27018 22972 26030 33959 26030 44895 29036 55791
29551 66691 28074 77650 27070 88566 27565 99419 27077 11398
26086 22200 27129 33167 27624 44127 27087 55112 28093
31313 40708 81817
41414 /////
51515 77059 00950 29557 60058 12150 27572

TTCC 63182 /////
70795 60975 27597 50001 64571 27602 30307 69564 28105 20544
73364 27125
88570 65772 27602
77212 27131 43127 77869 27118 41817
31313 40708 81817

TTDD 6318/ /////
11754 63972 22706 60573 33532 66577 44496 63771 55442 65566
66374 72567 77349 72777 88330 67770 99307 68765 11238 77570
22227 77567 33223 72368 44184 75968 55173 72965
21212 11869 27118 22823 26611 33677 28094 44543 27606 55342
28598 66266 28102 77212 27131 88184 27105 99173 27610
31313 40708 81817
