TTAA 68101 /////
99979 08458 25015 00024 ///// ///// 92687 07459 26531 85370
01856 27518 70898 06558 27542 50544 21959 26531 40703 35346
27548 30895 52539 27059 25009 61550 26577 20145 64958 26085
15323 59562 26078 10570 62163 26089
88196 65959 25586 88107 66164 25587
77999
31313 40708 81013

TTBB 68108 /////
00979 08458 11970 09659 22915 07059 33735 06530 44730 06529
55716 05757 66674 07961 77637 08960 88555 17756 99526 20356
11490 22562 22489 22761 33422 32346 44363 40740 55347 43557
66304 51737 77271 58949 88251 61550 99237 61157 11195 65959
22191 65160 33189 63761 44183 59761 55177 58361 66159 60162
77144 59962 88108 65963 99105 65165 11102 61764
21212 11979 25015 22925 26531 33839 28517 44802 29028 55635
27053 66518 26039 77444 27028 88418 28040 99379 27057 11286
27056 22232 26588 33194 25586 44182 25571 55179 25074 66150
26078 77145 26574 88135 26061
31313 40708 81013
41414 /////
51515 77105 03537 28528 60091 13158 27053

TTCC 68105 /////
70788 62965 26099 50993 62967 27081
88675 64166 26100
77569 26601 40822
31313 40708 81013

TTDD 6810/ /////
11879 64964 22795 60565 33641 64366 44566 63966 55534 60567
66419 71378
21212 11940 25598 22802 25085 33792 25085 44569 26601 55510
26581 66419 27090
31313 40708 81013
