TTAA 67121 /////
99978 01429 25010 00024 ///// ///// 92649 01717 27026 85318
05950 27532 70809 16567 28048 50523 37359 30057 40675 43374
30096 30865 50978 29574 25983 52377 29574 20128 52980 32559
15310 59976 30573 10562 59978 28610
88292 52377 29574 88147 60973 30574
77999
31313 40708 81158

TTBB 67128 /////
00978 01429 11927 01516 22889 02757 33827 07550 44815 08161
55752 12170 66750 12370 77684 17972 88640 22763 99635 23157
11625 24358 22622 24544 33582 29325 44552 32315 55508 36757
66459 38781 77445 38779 88361 47174 99292 52377 11273 50978
22242 52978 33215 50383 44180 57778 55168 57378 66146 60974
77128 60776 88114 63774 99108 60376 11100 59978
21212 11978 25010 22977 25022 33915 27527 44766 28546 55561
30538 66549 30040 77393 30098 88258 29572 99193 33059 11184
32058 22140 30078
31313 40708 81158
41414 /////
51515 77035 10962 28545 60944 26942 29542

TTCC 67123 /////
70787 54180 27626 50004 53983 27099 30326 62580 29096
88638 56380 27124
77688 27127 41616
31313 40708 81158

TTDD 6712/ /////
11898 56380 22780 58778 33739 52581 44638 56380 55584 51382
66509 54182 77481 51583 88393 60374 99338 57982 11257 66579
21212 11908 28622 22688 27127 33651 27124 44473 27589 55363
28591 66343 28604 77257 29091
31313 40708 81158
