TTAA 61181 /////
99980 06058 27003 00039 ///// ///// 92670 00656 32005 85344
01160 32513 70869 09966 31028 50539 25949 32539 40696 38558
33541 30887 56358 33543 25999 64358 33046 20137 61372 32068
15316 60576 30069 10567 64575 30075
88256 65156 32546
77999
31313 40708 81813

TTBB 61188 /////
00980 06058 11980 04257 22976 03657 33905 00945 44886 01942
55880 02145 66849 00960 77823 02163 88780 04165 99677 11568
11550 20936 22472 28356 33393 39559 44257 64956 55256 65156
66229 62166 77226 62568 88187 60578 99170 60175 11163 61176
22156 59577 33149 60975 44140 59177 55100 64574
21212 11980 27003 22903 00510 33874 36013 44873 36013 55852
32513 66827 31019 77744 32022 88715 30525 99658 31035 11614
31028 22579 33535 33518 32037 44451 34045 55256 32547 66252
32545 77244 33552 88163 30579 99152 30070 11123 30565
31313 40708 81813
41414 /////
51515 77076 04566 31519 60042 16558 32529
