PPAA 61188 /////
44385 32513 31028 32539 44340 33541 33543 33046 44320 32068
30069 30075
77999

PPBB 61188 /////
21212 00980 27003 11903 00510 22874 36013 33873 36013 44852
32513 55827 31019 66744 32022 77715 30525 88658 31035 99614
31028 11579 33535 22518 32037 33451 34045 44256 32547 55252
32545 66244 33552 77163 30579 88152 30070 99123 30565

PPCC 61188 /////
44370 29087 29108 29115 44220 28132 28161
77093 28183 42618

PPDD 61188 /////
21212 11757 29082 22452 28615 33382 29101 44141 28140 55126
28159 66115 27655 77101 28160 88093 28183 99088 28161 11068
28659
