TTAA 81111 /////
99986 06456 25007 00091 ///// ///// 92749 05462 30021 85426
00758 29526 70938 08959 25553 50548 23949 23532 40705 36944
25538 30897 53948 27545 25010 63350 27051 20146 62759 25067
15326 55966 25566 10577 62572 26067
88233 65744 27053
77999
31313 40708 81105

TTBB 81118 /////
00986 06456 11985 07857 22977 08259 33937 06262 44932 06062
55757 08546 66717 09360 77716 09559 88689 08558 99610 12559
11606 12759 22411 35719 33400 36945 44329 48950 55264 60532
66243 64950 77223 65950 88210 63358 99202 63759 11196 61759
22189 63160 33186 60961 44163 54365 55161 54566 66158 55565
77137 55968 88102 62572
21212 11986 25007 22986 27522 33983 27523 44913 30021 55827
29527 66824 29027 77794 27036 88713 26056 99654 24033 11584
22529 22541 23525 33442 25043 44365 26032 55289 28045 66269
27544 77197 25069 88184 25577 99162 25563 11128 27063
31313 40708 81105
41414 /////
51515 77148 06950 27042 60122 13559 23032

TTCC 81115 /////
70793 66171 26584 50996 63573 26103
88825 65572 26066 88457 65573 27099
77595 26608 42510
31313 40708 81105

TTDD 8111/ /////
11926 60572 22825 65572 33593 67772 44520 62974 55417 67779
66370 67379
21212 11975 27066 22903 25565 33823 26066 44778 27072 55595
26608 66370 26606
31313 40708 81105
