TTAA 81111 /////
99989 13675 27030 00111 ///// ///// 92762 10075 25535 85459
05874 25535 70019 03572 25535 50560 19169 25535 40722 28967
25535 30923 41365 25535 25045 48564 25535 20189 57364 25536
15370 55773 26051 10626 58373 25565
88197 57966 25037
77999
31313 40708 81051

TTBB 81118 /////
00989 13675 11459 22968 22197 57966 33169 58771 44150 55773
55127 59173 66122 56972 77113 58573 88104 57573
21212 11989 27030 22989 25535 33185 24535 44181 25033 55158
27048 66102 25565
31313 40708 81051
41414 /////
51515 77208 01473 25535 60219 10970 25535
