TTAA 54171 /////
99989 136// 09003 00111 ///// ///// 92736 03513 22003 85400
07314 28501 70900 12733 28034 50539 28150 27044 40696 37564
26542 30888 53359 27036 25003 62560 27543 20142 58173 27064
15323 56774 27077 10580 57573 27073
88234 63762 27558
77999
31313 40708 81706

TTBB 54178 /////
00989 136// 11989 01284 22988 00273 33978 00529 44939 02913
55864 06917 66848 07311 77745 09943 88676 13956 99623 18726
11522 26556 22499 28150 33486 28990 44472 29190 55455 31177
66446 32160 77420 36166 88417 36759 99414 36957 11399 37564
22399 37564 33358 44557 44352 45557 55329 48161 66313 51350
77290 54362 88252 62360 99240 62959 11234 63762 22226 60567
33214 58574 44212 58173 55178 58174 66156 56374 77140 56974
88132 55574 99115 57374 11101 57174
21212 11989 09003 22848 27001 33810 25510 44779 24010 55743
28020 66726 28026 77679 27537 88589 26034 99549 28539 11448
25544 22421 26048 33266 27537 44259 27540 55225 26564 66220
26563
31313 40708 81706
41414 /////
51515 77117 08931 24010 60060 20347 26535
