PPAA 54178 /////
44385 28501 28034 27044 44340 26542 27036 27543 44320 27064
27077 27073
77999

PPBB 54178 /////
21212 00989 09003 11848 27001 22810 25510 33779 24010 44743
28020 55726 28026 66679 27537 77589 26034 88549 28539 99448
25544 11421 26048 22266 27537 33259 27540 44225 26564 55220
26563

PPCC 54178 /////
44370 27083 27100 28128 44220 27636 27168
77111 26668 42826

PPDD 54178 /////
21212 11643 27583 22595 27599 33444 26611 44344 27615 55313
27629 66260 28126 77209 28129 88185 27149 99148 27646 11112
26666 22111 26668 33077 28156 44065 27160
