TTAA 61182 /////
99980 12472 27008 00033 ///// ///// 92678 05467 30022 85360
00563 31525 70874 12561 28542 50538 25771 28057 40696 37970
29553 30887 54563 30548 25001 64361 31551 20134 72360 29064
88208 72960 30055
66152 28591 416//
31313 40708 81809

TTBB 61188 /////
00980 12472 11977 10271 22972 09471 33783 06958 44782 06958
55671 15361 66626 16770 77593 19160 88592 19361 99574 18973
11556 20775 22491 25975 33266 61560 44216 71960 55173 73760
66170 75160 77152 71762
21212 11980 27008 22977 28513 33892 32524 44880 32027 55735
29032 66735 29033 77637 28064 88608 28071 99516 27559 11455
29052 22253 31552 33235 31047 44189 28570 55152 28591
31313 40708 81809
41414 /////
51515 77089 07359 30028 60036 18560 28071

TTCC 6118/ /////
88999
77999
31313 40708 81809

TTDD 6118/ /////

31313 40708 81809
