TTCC 61111 /////
70815 59581 27590 50027 58381 28081 30342 66979 28097 20590
60981 27122 10034 57977 28619
88964 61381 28066 88309 66979 28093
77069 26649 451//
31313 40708 81032

TTDD 6111/ /////
11957 61381 22907 57782 33774 61581 44523 56382 55464 60981
66403 60181 77292 67379 88199 60781 99171 54383 11140 57582
22137 55982 33137 53983 44137 51184 55137 50584 66134 48584
77112 52582 88093 61181 99092 60581 11093 57982 22092 56382
33090 55582 44072 63180 55075 56182 66075 53583 77074 50784
88064 49784 99067 45185 11070 40387 22070 38987 33070 37988
44063 37988
21212 11907 27578 22779 26580 33697 27590 44337 28084 55322
28588 66230 27124 77165 27110 88162 27109 99138 27624 11123
28610 22093 28625 33092 29116 44079 28615 55066 27632 66064
27641 77064 27643 88069 26649 99070 26647 11063 26640
31313 40708 81032
