TTAA 61111 /////
99989 136// 00000 00111 ///// ///// 92759 07269 26022 85445
00758 26022 70971 09364 23546 50549 26964 22038 40705 40165
22048 30896 51567 20584 25012 59367 21565 20151 58380 24557
15334 55382 27061 10592 60381 28560
88247 59966 21563
77999
31313 40708 81032

TTBB 61118 /////
00989 136// 11794 05943 22790 05756 33789 04358 44785 02962
55774 02566 66774 02566 77642 15159 88641 14959 99585 16366
11527 23366 22459 32959 33431 36757 44399 40366 55357 47362
66334 49364 77326 46967 88277 55965 99246 59967 11230 58973
22208 60575 33201 58981 44196 57182 55177 57582 66166 52983
77156 54982 88146 54383 99130 56982 11123 52583 22100 60381
21212 11989 00000 22989 26022 33849 26022 44796 27035 55779
25048 66773 25048 77668 22547 88598 24045 99565 22542 11432
23041 22421 22541 33359 21552 44321 20587 55307 20585 66264
20582 77253 21070 88239 23054 99238 23555 11175 26565 22159
27555 33142 27048 44128 26560 55127 26558 66118 29543 77112
30046
31313 40708 81032
41414 /////
51515 77175 02566 25047 60143 16562 24045

TTCC 61111 /////
70815 59581 27590 50027 58381 28081 30342 66979 28097 20590
60981 27122 10034 57977 28619
88964 61381 28066 88309 66979 28093
77069 26649 451//
31313 40708 81032

TTDD 6111/ /////
11957 61381 22907 57782 33774 61581 44523 56382 55464 60981
66403 60181 77292 67379 88199 60781 99171 54383 11140 57582
22137 55982 33137 53983 44137 51184 55137 50584 66134 48584
77112 52582 88093 61181 99092 60581 11093 57982 22092 56382
33090 55582 44072 63180 55075 56182 66075 53583 77074 50784
88064 49784 99067 45185 11070 40387 22070 38987 33070 37988
44063 37988
21212 11907 27578 22779 26580 33697 27590 44337 28084 55322
28588 66230 27124 77165 27110 88162 27109 99138 27624 11123
28610 22093 28625 33092 29116 44079 28615 55066 27632 66064
27641 77064 27643 88069 26649 99070 26647 11063 26640
31313 40708 81032
