PPAA 61118 /////
44385 26022 23546 22038 44340 22048 20584 21565 44320 24557
27061 28560
77999

PPBB 61118 /////
21212 00989 00000 11989 26022 22849 26022 33796 27035 44779
25048 55773 25048 66668 22547 77598 24045 88565 22542 99432
23041 11421 22541 22359 21552 33321 20587 44307 20585 55264
20582 66253 21070 77239 23054 88238 23555 99175 26565 11159
27555 22142 27048 33128 26560 44127 26558 55118 29543 66112
30046

PPCC 61118 /////
44370 27590 28081 28097 44220 27122 28619
77069 26649 451//

PPDD 61118 /////
21212 11907 27578 22779 26580 33697 27590 44337 28084 55322
28588 66230 27124 77165 27110 88162 27109 99138 27624 11123
28610 22093 28625 33092 29116 44079 28615 55066 27632 66064
27641 77064 27643 88069 26649 99070 26647 11063 26640
