TTAA 54191 /////
99981 10067 27012 00045 ///// ///// 92680 00461 27527 85350
05559 26031 70847 09766 25028 50536 27363 25042 40692 39764
25051 30883 53370 26560 25999 59569 26583 20138 58974 26581
15319 59975 26583
88243 60770 26587
77239 26588 42208
31313 40708 81855

TTBB 54198 /////
00981 10067 11981 07465 22979 05664 33971 04264 44783 11356
55748 12361 66737 11566 77716 09964 88679 09968 99559 22960
11499 27363 22352 46566 33308 52568 44291 53772 55261 57169
66243 60770 77233 60568 88228 58770 99219 59971 11214 57172
22200 58975 33196 56975 44188 58574 55182 57376 66176 58976
77164 58175 88148 60374 99138 58776 11122 60176 22117 57778
33114 58577
21212 11981 27012 22979 27522 33904 27030 44781 26529 55729
25037 66624 23021 77609 23023 88560 25027 99442 25051 11312
27056 22305 27057 33239 26588 44114 26074
31313 40708 81855
41414 /////
51515 77066 11757 26029 60021 17964 23025

TTCC 5419/ /////
88999
77999
31313 40708 81855

TTDD 5419/ /////

31313 40708 81855
