TTAA 74111 /////
99993 06062 27010 00144 ///// ///// 92777 01661 27035 85452
03760 27537 70963 10174 25032 50546 29968 25024 40700 42963
26030 30889 54333 25549 25004 62756 24554 20138 66558 25069
15317 58567 24577 10572 59569 25571
88212 70540 24557
77999
31313 40708 81104

TTBB 74118 /////
00993 06062 11992 04261 22988 05262 33951 03662 44818 06358
55805 07159 66773 08959 77771 08960 88742 07175 99701 09974
11568 21981 22392 44163 33370 46765 44357 48562 55353 48950
66350 48929 77308 52735 88279 57325 99251 62556 11215 70337
22213 70539 33209 70344 44202 66957 55196 65758 66194 64557
77194 63758 88194 61760 99193 60560 11189 59362 22175 59966
33158 60964 44146 58367 55132 60966 66123 56369 77105 59968
88100 59569
21212 11993 27010 22992 25521 33992 25522 44960 26031 55880
27541 66877 27540 77580 23016 88539 24514 99452 26527 11368
25535 22348 24542 33333 25052 44319 25544 55211 24557 66197
25072 77169 24073 88142 24082 99122 24049
31313 40708 81104
41414 /////
51515 77174 08759 26035 60130 19373 24020
