TTAA 53111 /////
99982 05058 27018 00055 ///// ///// 92714 03058 28016 85378
02556 27537 70885 13560 26558 50537 28983 25573 40693 40375
26077 30882 53774 26574 25995 61968 27073 20132 67567 26580
15304 68767 26594 10546 65773 27116
88187 69364 27078 88101 65773 27116
77999
31313 40708 81118

TTBB 53118 /////
00982 05058 11978 07058 22974 07059 33727 12527 44727 12527
55693 13962 66682 13956 77659 13396 88647 13388 99486 30783
11409 39774 22318 50178 33266 60368 44234 64967 55187 69364
66176 64568 77164 67367 88147 68967 99144 68971 11141 65571
22138 64770 33119 69371 44118 68778 55118 66779 66119 65374
77119 63774 88115 62774 99101 65773
21212 11982 27018 22982 29515 33923 28015 44894 27022 55847
27539 66746 27550 77683 26562 88645 25560 99365 25583 11260
27067 22254 27071 33184 27076 44112 27618
31313 40708 81118
41414 /////
51515 77105 08349 27548 60050 17980 25565
