TTCC 53112 /////
70764 65571 27109 50959 73567 26615 30249 76567 27145 20472
70770 28658
88486 74370 26620
77208 28660 44634
31313 40708 81118

TTDD 5311/ /////
11831 67579 22818 65976 33817 65372 44819 63577 55817 62376
66800 61577 77560 72170 88481 74375 99477 71778 11477 69577
22453 68969 33320 77567 44244 75170 55227 69769 66179 71973
77169 68968 88134 74170 99131 71978 11134 68179 22133 66379
33127 62773 44101 70969
21212 11897 26606 22482 26622 33466 26595 44416 27123 55348
26622 66342 26623 77288 27651 88236 27636 99208 28660 11201
28658 22178 27145 33168 28135 44150 28643 55145 28643 66133
28138 77123 29628 88117 30121 99101 30623
31313 40708 81118
