PPAA 53118 /////
44385 27537 26558 25573 44340 26077 26574 27073 44320 26580
26594 27116
77999

PPBB 53118 /////
21212 00982 27018 11982 29515 22923 28015 33894 27022 44847
27539 55746 27550 66683 26562 77645 25560 88365 25583 99260
27067 11254 27071 22184 27076 33112 27618

PPCC 53118 /////
44370 27109 26615 27145 44120 28658
77208 28660 44634

PPDD 53118 /////
21212 11897 26606 22482 26622 33466 26595 44416 27123 55348
26622 66342 26623 77288 27651 88236 27636 99208 28660 11201
28658 22178 27145 33168 28135 44150 28643 55145 28643 66133
28138 77123 29628 88117 30121 99101 30623
