TTAA 66111 /////
99997 08465 00000 00181 ///// ///// 92847 06870 27533 85523
00665 28030 70050 05766 25061 50562 20358 24052 40722 32758
24559 30916 49933 24069 25031 59542 23589 20166 68550 23599
15339 64158 24063 10587 60769 24040
88190 70556 23101
77193 23102 41931
31313 40708 81052

TTBB 66118 /////
00997 08465 11997 07263 22997 06861 33989 09464 44959 07266
55931 07270 66850 00665 77762 04961 88700 05766 99696 05765
11619 09958 22586 13750 33585 13750 44538 15758 55363 38359
66300 50133 77288 52132 88219 66150 99214 64948 11190 70556
22161 63557 33150 64358 44128 59562 55113 58766
21212 11997 00000 22997 26518 33997 26519 44929 27533 55914
28035 66845 28029 77795 26529 88757 25042 99692 25564 11653
26062 22597 23558 33544 24552 44526 24552 55379 24558 66193
23102 77186 22597 88157 24065 99114 24058
31313 40708 81052
41414 /////
51515 77253 03961 25535 60242 12357 23558
