TTAA 74111 /////
99964 03638 23015 00591 ///// ///// 92552 02845 26028 85225
01757 26038 70737 12757 26540 50520 31545 31535 40674 44741
35532 30859 55561 32539 25973 59161 30540 20112 60161 28556
15290 57762 27577 10542 61565 27590
88218 61361 30044 88102 61764 27590
77999
31313 40708 81032

TTBB 74118 /////
00964 03638 11953 04443 22799 04958 33758 07959 44595 21914
55516 30150 66452 37344 77392 46136 88355 52556 99349 51957
11334 54559 22328 53760 33321 54761 44251 59161 55228 59161
66218 61361 77196 59361 88161 60363 99147 56963 11135 56964
22129 58964 33117 57964 44102 61764
21212 11964 23015 22964 26526 33960 26527 44946 26529 55766
27050 66695 26538 77621 29026 88521 30543 99451 33523 11400
35533 22346 35039 33344 35039 44269 30037 55260 30534 66230
31043 77206 28550 88176 28558 99155 27580 11147 27075
31313 40708 81032
41414 /////
51515 77952 06758 26549 60888 21514 29030

TTCC 74115 /////
70762 62966 28098 50960 66765 28619
88584 67767 28106
66374 28639 419//
31313 40708 81032

TTDD 7411/ /////
11822 61966 22769 59367 33584 67767 44516 65965 55374 69774
21212 11865 27583 22374 28639
31313 40708 81032
