TTAA 56141 /////
99980 06657 09003 00037 ///// ///// 92664 01729 26506 85341
00936 24518 70865 10117 23016 50538 26561 17506 40695 40159
06512 30884 53782 15513 25002 53977 23511 20146 50978 25526
15333 52579 26539 10594 55180 28055
88298 53983 15513
77999
31313 40708 81405

TTBB 56148 /////
00980 06657 11979 00625 22978 00400 33974 00215 44922 01935
55905 01333 66898 01447 77893 01649 88885 01648 99739 08307
11723 09510 22647 13721 33605 16156 44602 16356 55542 22543
66532 22971 77525 23374 88522 23570 99505 25960 11438 34562
22336 50344 33329 51556 44299 53983 55298 53983 66284 51983
77250 53977 88224 51776 99218 53176 11209 50977 22195 51579
33189 49778 44174 52179 55155 51380 66139 53779 77134 52780
88119 54575 99115 53580 11100 55180
21212 11980 09003 22909 25510 33837 24022 44787 22018 55735
22018 66668 24019 77546 22012 88492 14505 99433 09011 11376
03519 22350 04528 33325 05518 44315 07513 55301 15512 66292
14010 77282 16010 88275 19010 99268 18010 11259 20506 22253
23511 33242 21515 44226 25019 55220 24026 66217 24025 77193
26022 88186 27035 99182 27534 11151 26541 22144 28038 33133
27047 44127 28041 55124 28546
31313 40708 81405
41414 /////
51515 77074 05323 22518 60038 16556 23013
