TTAA 56141 /////
99980 06657 09003 00037 ///// ///// 92664 01729 26506 85341
00936 24518 70865 10117 23016 50538 26561 17506 40695 40159
06512 30884 53782 15513 25002 53977 23511 20146 50978 25526
15333 52579 26539 10594 55180 28055
88298 53983 15513
77999
31313 40708 81405

TTBB 56148 /////
00980 06657 11979 00625 22978 00400 33974 00215 44922 01935
55905 01333 66898 01447 77893 01649 88885 01648 99739 08307
11723 09510 22647 13721 33605 16156 44602 16356 55542 22543
66532 22971 77525 23374 88522 23570 99505 25960 11438 34562
22336 50344 33329 51556 44299 53983 55298 53983 66284 51983
77250 53977 88224 51776 99218 53176 11209 50977 22195 51579
33189 49778 44174 52179 55155 51380 66139 53779 77134 52780
88119 54575 99115 53580 11100 55180
21212 11980 09003 22909 25510 33837 24022 44787 22018 55735
22018 66668 24019 77546 22012 88492 14505 99433 09011 11376
03519 22350 04528 33325 05518 44315 07513 55301 15512 66292
14010 77282 16010 88275 19010 99268 18010 11259 20506 22253
23511 33242 21515 44226 25019 55220 24026 66217 24025 77193
26022 88186 27035 99182 27534 11151 26541 22144 28038 33133
27047 44127 28041 55124 28546
31313 40708 81405
41414 /////
51515 77074 05323 22518 60038 16556 23013

TTCC 56141 /////
70819 57979 28567 50030 60178 28078 30343 66970 27093 20587
68576 26613 10000 65775 26632
88812 58579 28057 88354 66171 27585
77053 26656 42519
31313 40708 81405

TTDD 5614/ /////
11490 59778 22311 67572 33175 68976 44161 71575 55153 69376
66145 71773 77127 70970 88122 68173 99107 69376 11102 65374
22097 66577 33091 60780 44089 63779 55085 58580 66084 60979
77080 56780 88078 58977 99076 53380 11073 54575 22072 51971
33070 54572 44066 46579 55064 47181 66063 43783 77063 47581
88063 44582 99062 47180 11062 44182 22060 45781 33059 41182
44058 44778 55057 40986 66056 43984 77055 37988 88054 40386
99054 37188 11053 39178 22051 35189 33051 37988 44050 32189
55049 36388 66048 35588 77048 28990 88048 33389 99047 28591
11046 24592 22042 28191 33042 25991 44042 27991 55042 23992
66042 26591 77041 22793 88041 26391 99041 24592 11041 28591
22039 21393
21212 11951 28564 22807 28057 33732 27566 44648 28571 55611
28078 66291 26595 77248 27097 88215 26618 99180 27111 11156
26127 22101 26632 33094 27121 44064 27139 55058 26121 66053
26656 77048 26150 88046 26141 99039 27654
31313 40708 81405
