PPAA 56148 /////
44385 24518 23016 17506 44340 06512 15513 23511 44320 25526
26539 28055
77999

PPBB 56148 /////
21212 00980 09003 11909 25510 22837 24022 33787 22018 44735
22018 55668 24019 66546 22012 77492 14505 88433 09011 99376
03519 11350 04528 22325 05518 33315 07513 44301 15512 55292
14010 66282 16010 77275 19010 88268 18010 99259 20506 11253
23511 22242 21515 33226 25019 44220 24026 55217 24025 66193
26022 77186 27035 88182 27534 99151 26541 11144 28038 22133
27047 33127 28041 44124 28546

PPCC 56148 /////
44370 28567 28078 27093 44220 26613 26632
77053 26656 42519

PPDD 56148 /////
21212 11951 28564 22807 28057 33732 27566 44648 28571 55611
28078 66291 26595 77248 27097 88215 26618 99180 27111 11156
26127 22101 26632 33094 27121 44064 27139 55058 26121 66053
26656 77048 26150 88046 26141 99039 27654
