TTCC 56141 /////
70819 57979 28567 50030 60178 28078 30343 66970 27093 20587
68576 26613 10000 65775 26632
88812 58579 28057 88354 66171 27585
77053 26656 42519
31313 40708 81405

TTDD 5614/ /////
11490 59778 22311 67572 33175 68976 44161 71575 55153 69376
66145 71773 77127 70970 88122 68173 99107 69376 11102 65374
22097 66577 33091 60780 44089 63779 55085 58580 66084 60979
77080 56780 88078 58977 99076 53380 11073 54575 22072 51971
33070 54572 44066 46579 55064 47181 66063 43783 77063 47581
88063 44582 99062 47180 11062 44182 22060 45781 33059 41182
44058 44778 55057 40986 66056 43984 77055 37988 88054 40386
99054 37188 11053 39178 22051 35189 33051 37988 44050 32189
55049 36388 66048 35588 77048 28990 88048 33389 99047 28591
11046 24592 22042 28191 33042 25991 44042 27991 55042 23992
66042 26591 77041 22793 88041 26391 99041 24592 11041 28591
22039 21393
21212 11951 28564 22807 28057 33732 27566 44648 28571 55611
28078 66291 26595 77248 27097 88215 26618 99180 27111 11156
26127 22101 26632 33094 27121 44064 27139 55058 26121 66053
26656 77048 26150 88046 26141 99039 27654
31313 40708 81405
