PPAA 63148 /////
44385 24514 25517 30537 44340 33569 34575 31053 44320 29059
27569 28080
77999

PPBB 63148 /////
21212 00980 27008 11914 26515 22853 24514 33775 24519 44744
25528 55734 26027 66689 25513 77670 27508 88657 30011 99608
32512 11580 31014 22547 29528 33433 33057 44390 33571 55304
34574 66301 34575 77232 30549 88218 29052 99154 27571 11136
27562 22126 28061 33113 28080

PPCC 63148 /////
44370 27594 28106 28630 44220 27651 27656
77166 27675 42311

PPDD 63148 /////
21212 11660 28088 22353 28129 33323 28120 44294 28633 55240
28152 66177 28159 77166 27675 88155 27661 99110 27671 11100
27656 22095 27160 33089 27668 44073 28657
