TTAA 63141 /////
99980 03438 27008 00043 ///// ///// 92678 04258 26513 85360
00558 24514 70873 12531 25517 50536 30340 30537 40690 41950
33569 30878 57356 34575 25991 62768 31053 20129 62770 29059
15307 61571 27569 10559 61773 28080
88256 63163 31555
77999
31313 40708 81354

TTBB 63148 /////
00980 03438 11974 05457 22963 06258 33946 05459 44922 04258
55758 08926 66727 11536 77669 14329 88458 34930 99438 36965
11418 39360 22396 42545 33330 53938 44323 55143 55314 55561
66309 55759 77301 57156 88287 59560 99256 63163 11248 62571
22232 61770 33217 63968 44184 60570 55166 62571 66160 60770
77116 61773 88104 60573 99100 61773
21212 11980 27008 22914 26515 33853 24514 44775 24519 55744
25528 66734 26027 77689 25513 88670 27508 99657 30011 11608
32512 22580 31014 33547 29528 44433 33057 55390 33571 66304
34574 77301 34575 88232 30549 99218 29052 11154 27571 22136
27562 33126 28061 44113 28080
31313 40708 81354
41414 /////
51515 77089 07534 24519 60033 20525 31514

TTCC 63141 /////
70778 63175 27594 50984 66175 28106 30293 67573 28630 20536
67374 27651 10961 59175 27656
88999
77166 27675 42311
31313 40708 81354

TTDD 6314/ /////
11278 69172 22263 67170 33222 70769 44208 67573 55159 67372
66132 61576 77110 61975 88102 58375 99073 58581
21212 11660 28088 22353 28129 33323 28120 44294 28633 55240
28152 66177 28159 77166 27675 88155 27661 99110 27671 11100
27656 22095 27160 33089 27668 44073 28657
31313 40708 81354
