Dose,    0,  0,  0,  0,  0, 10,    0.0000000,     0.0000000,      0.00, 0, 0, 0, 0
Dose,    0,  0,  0,  0,  0, 20,    0.0000000,     0.0000000,      0.00, 0, 0, 0, 0
Dose,    0,  0,  0,  0,  0, 30,    0.0000000,     0.0000000,      0.00, 0, 0, 0, 0
Dose,    0,  0,  0,  0,  0, 40,    0.0000000,     0.0000000,      0.00, 0, 0, 0, 0
Dose,    0,  0,  0,  0,  0, 50,    0.0000000,     0.0000000,      0.00, 0, 0, 0, 0
Dose,    0,  0,  0,  0,  1,  0,    0.0000000,     0.0000000,      0.00, 0, 0, 0, 0
Dose,    0,  0,  0,  0,  1, 10,    0.0000000,     0.0000000,      0.00, 0, 0, 0, 0
Dose,    0,  0,  0,  0,  1, 20,    0.0000000,     0.0000000,      0.00, 0, 0, 0, 0
Dose,    0,  0,  0,  0,  1, 30,    0.0000000,     0.0000000,      0.00, 0, 0, 0, 0
Dose,    0,  0,  0,  0,  1, 40,    0.0000000,     0.0000000,      0.00, 0, 0, 0, 0
Dose,    0,  0,  0,  0,  1, 50,    0.0000000,     0.0000000,      0.00, 0, 0, 0, 0
Dose,    0,  0,  0,  0,  2,  0,    0.0000000,     0.0000000,      0.00, 0, 0, 0, 0
Dose,    0,  0,  0,  0,  2, 10,    0.0000000,     0.0000000,      0.00, 0, 0, 0, 0
Dose,    0,  0,  0,  0,  2, 20,    0.0000000,     0.0000000,      0.00, 0, 0, 0, 0
Dose,    0,  0,  0,  0,  2, 30,    0.0000000,     0.0000000,      0.00, 0, 0, 0, 0
Dose,    0,  0,  0,  0,  2, 40,    0.0000000,     0.0000000,      0.00, 0, 0, 0, 0
Dose,    0,  0,  0,  0,  2, 50,    0.0000000,     0.0000000,      0.00, 0, 0, 0, 0
Dose,    0,  0,  0,  0,  3,  0,    0.0000000,     0.0000000,      0.00, 0, 0, 0, 0
Dose,    0,  0,  0,  0,  3, 10,    0.0000000,     0.0000000,      0.00, 0, 0, 0, 0
Dose,    0,  0,  0,  0,  3, 20,    0.0000000,     0.0000000,      0.00, 0, 0, 0, 0
Dose,    0,  0,  0,  0,  3, 30,    0.0000000,     0.0000000,      0.00, 0, 0, 0, 0
Dose,    0,  0,  0,  0,  3, 40,    0.0000000,     0.0000000,      0.00, 0, 0, 0, 0
Dose, 2018,  8, 15, 21, 20, 50,    0.0000000,     0.0000000,      0.00, 0, 0, 0, 0
Dose, 2018,  8, 15, 21, 21,  0,    0.0000000,     0.0000000,      0.00, 0, 0, 0, 0
Dose, 2018,  8, 15, 21, 21, 10,    0.0000000,     0.0000000,      0.00, 0, 0, 0, 0
Dose, 2018,  8, 15, 21, 21, 20,    0.0000000,     0.0000000,      0.00, 0, 0, 0, 0
Dose, 2018,  8, 15, 21, 21, 30,    0.0000000,     0.0000000,      0.00, 0, 0, 0, 0
Dose, 2018,  8, 15, 21, 21, 40,    0.0000000,     0.0000000,      0.00, 0, 0, 0, 0
Dose, 2018,  8, 15, 21, 21, 50,    0.0000000,     0.0000000,      0.00, 0, 0, 0, 0
Dose, 2018,  8, 15, 21, 22,  0,    0.0000000,     0.0000000,      0.00, 0, 0, 0, 0
Dose, 2018,  8, 15, 21, 22, 10,    0.0000000,     0.0000000,      0.00, 0, 0, 0, 0
Dose, 2018,  8, 15, 21, 22, 20,    0.0000000,     0.0000000,      0.00, 0, 0, 0, 0
Dose, 2018,  8, 15, 21, 22, 30,    0.0000000,     0.0000000,      0.00, 0, 0, 0, 0
Dose, 2018,  8, 15, 21, 22, 40,    0.0000000,     0.0000000,      0.00, 0, 0, 0, 0
Dose, 2018,  8, 15, 21, 22, 50,    0.0000000,     0.0000000,      0.00, 0, 0, 0, 0
Dose, 2018,  8, 15, 21, 23,  0,    0.0000000,     0.0000000,      0.00, 0, 0, 0, 0
Dose, 2018,  8, 15, 21, 23, 10,    0.0000000,     0.0000000,      0.00, 0, 0, 0, 0
Dose, 2018,  8, 15, 21, 23, 20,    0.0000000,     0.0000000,      0.00, 0, 0, 0, 0
Dose, 2018,  8, 15, 21, 23, 30,    0.0000000,     0.0000000,      0.00, 0, 0, 0, 0
Dose, 2018,  8, 15, 21, 23, 40,    0.0000000,     0.0000000,      0.00, 0, 0, 0, 0
Dose, 2018,  8, 15, 21, 23, 50,    0.0000000,     0.0000000,      0.00, 0, 0, 0, 0
Dose, 2018,  8, 15, 21, 24,  0,    0.0000000,     0.0000000,      0.00, 0, 0, 0, 0
Dose, 2018,  8, 15, 21, 24, 10,    0.0000000,     0.0000000,      0.00, 0, 0, 0, 0
Dose, 2018,  8, 15, 21, 24, 20,    0.0000000,     0.0000000,      0.00, 0, 0, 0, 0
Dose, 2018,  8, 15, 21, 24, 30,    0.0000000,     0.0000000,      0.00, 0, 0, 0, 0
Dose, 2018,  8, 15, 21, 24, 40,    0.0000000,     0.0000000,      0.00, 0, 0, 0, 0
Dose, 2018,  8, 15, 21, 24, 50,    0.0000000,     0.0000000,      0.00, 0, 0, 0, 0
Dose, 2018,  8, 15, 21, 25,  0,    0.0000000,     0.0000000,      0.00, 0, 0, 0, 0
Dose, 2018,  8, 15, 21, 25, 10,    0.0000000,     0.0000000,      0.00, 0, 0, 0, 0
Dose, 2018,  8, 15, 21, 25, 20,    0.0000000,     0.0000000,      0.00, 0, 0, 0, 0
Dose, 2018,  8, 15, 21, 25, 30,    0.0000000,     0.0000000,      0.00, 0, 0, 0, 0
Dose, 2018,  8, 15, 21, 25, 40,    0.0000000,     0.0000000,      0.00, 0, 0, 0, 0
Dose, 2018,  8, 15, 21, 25, 50,    0.0000000,     0.0000000,      0.00, 0, 0, 0, 0
Dose, 2018,  8, 15, 21, 26,  0,    0.0000000,     0.0000000,      0.00, 0, 0, 0, 0
Dose, 2018,  8, 15, 21, 26, 10,    0.0000000,     0.0000000,      0.00, 0, 0, 0, 0
Dose, 2018,  8, 15, 21, 26, 20,    0.0000000,     0.0000000,      0.00, 0, 0, 0, 0
Dose, 2018,  8, 15, 21, 26, 30,    0.0000000,     0.0000000,      0.00, 0, 0, 0, 0
Dose, 2018,  8, 15, 21, 26, 40,    0.0000000,     0.0000000,      0.00, 0, 0, 0, 0
Dose, 2018,  8, 15, 21, 26, 50,    0.0000000,     0.0000000,      0.00, 0, 0, 0, 0
Dose, 2018,  8, 15, 21, 27,  0,    0.0000000,     0.0000000,      0.00, 0, 0, 0, 0
Dose, 2018,  8, 15, 21, 27, 10,    0.0000000,     0.0000000,      0.00, 0, 0, 0, 0
Dose, 2018,  8, 15, 21, 27, 20,    0.0000000,     0.0000000,      0.00, 0, 0, 0, 0
Dose, 2018,  8, 15, 21, 27, 30,    0.0000000,     0.0000000,      0.00, 0, 0, 0, 0
Dose, 2018,  8, 15, 21, 27, 40,    0.0000000,     0.0000000,      0.00, 0, 0, 0, 0
Dose, 2018,  8, 15, 21, 27, 50,    0.0000000,     0.0000000,      0.00, 0, 0, 0, 0
Dose, 2018,  8, 15, 21, 28,  0,    0.0000000,     0.0000000,      0.00, 0, 0, 0, 0
Dose, 2018,  8, 15, 21, 28, 10,    0.0000000,     0.0000000,      0.00, 0, 0, 0, 0
Dose, 2018,  8, 15, 21, 28, 20,    0.0000000,     0.0000000,      0.00, 0, 0, 0, 0
Dose, 2018,  8, 15, 21, 28, 30,    0.0000000,     0.0000000,      0.00, 0, 0, 0, 0
Dose, 2018,  8, 15, 21, 28, 40,    0.0000000,     0.0000000,      0.00, 0, 0, 0, 0
Dose, 2018,  8, 15, 21, 28, 50,    0.0000000,     0.0000000,      0.00, 0, 0, 0, 0
Dose, 2018,  8, 15, 21, 29,  0,    0.0000000,     0.0000000,      0.00, 0, 0, 0, 0
Dose, 2018,  8, 15, 21, 29, 10,    0.0000000,     0.0000000,      0.00, 0, 0, 0, 0
Dose, 2018,  8, 15, 21, 29, 20,    0.0000000,     0.0000000,      0.00, 0, 0, 0, 0
Dose, 2018,  8, 15, 21, 29, 30,    0.0000000,     0.0000000,      0.00, 0, 0, 0, 0
Dose, 2018,  8, 15, 21, 29, 40,    0.0000000,     0.0000000,      0.00, 0, 0, 0, 0
Dose, 2018,  8, 15, 21, 29, 50,    0.0000000,     0.0000000,      0.00, 0, 0, 0, 0
Dose, 2018,  8, 15, 21, 30,  0,    0.0000000,     0.0000000,      0.00, 0, 0, 0, 0
Dose, 2018,  8, 15, 21, 30, 10,    0.0000000,     0.0000000,      0.00, 0, 0, 0, 0
Dose, 2018,  8, 15, 21, 30, 20,    0.0000000,     0.0000000,      0.00, 0, 0, 0, 0
Dose, 2018,  8, 15, 21, 30, 30,    0.0000000,     0.0000000,      0.00, 0, 0, 0, 0
Dose, 2018,  8, 15, 21, 30, 40,    0.0000000,     0.0000000,      0.00, 0, 0, 0, 0
Dose, 2018,  8, 15, 21, 30, 50,    0.0000000,     0.0000000,      0.00, 0, 0, 0, 0
Dose, 2018,  8, 15, 21, 31,  0,    0.0000000,     0.0000000,      0.00, 0, 0, 0, 0
Dose, 2018,  8, 15, 21, 31, 10,    0.0000000,     0.0000000,      0.00, 0, 0, 0, 0
Dose, 2018,  8, 15, 21, 31, 20,    0.0000000,     0.0000000,      0.00, 0, 0, 0, 0
Dose, 2018,  8, 15, 21, 31, 30,    0.0000000,     0.0000000,      0.00, 0, 0, 0, 0
Dose, 2018,  8, 15, 21, 31, 40,    0.0000000,     0.0000000,      0.00, 0, 0, 0, 0
Dose, 2018,  8, 15, 21, 31, 50,    0.0000000,     0.0000000,      0.00, 0, 0, 0, 0
Dose, 2018,  8, 15, 21, 32,  0,    0.0000000,     0.0000000,      0.00, 0, 0, 0, 0
Dose, 2018,  8, 15, 21, 32, 10,    0.0000000,     0.0000000,      0.00, 0, 0, 0, 0
Dose, 2018,  8, 15, 21, 32, 20,    0.0000000,     0.0000000,      0.00, 0, 0, 0, 0
Dose, 2018,  8, 15, 21, 32, 30,    0.0000000,     0.0000000,      0.00, 0, 0, 0, 0
Dose, 2018,  8, 15, 21, 32, 40,    0.0000000,     0.0000000,      0.00, 0, 0, 0, 0
Dose, 2018,  8, 15, 21, 32, 50,    0.0000000,     0.0000000,      0.00, 0, 0, 0, 0
Dose, 2018,  8, 15, 21, 33,  0,    0.0000000,     0.0000000,      0.00, 0, 0, 0, 0
Dose, 2018,  8, 15, 21, 33, 10,    0.0000000,     0.0000000,      0.00, 0, 0, 0, 0
Dose, 2018,  8, 15, 21, 33, 20,    0.0000000,     0.0000000,      0.00, 0, 0, 0, 0
Dose, 2018,  8, 15, 21, 33, 30,    0.0000000,     0.0000000,      0.00, 0, 0, 0, 0
Dose, 2018,  8, 15, 21, 33, 40,    0.0000000,     0.0000000,      0.00, 0, 0, 0, 0
Dose, 2018,  8, 15, 21, 33, 50,    0.0000000,     0.0000000,      0.00, 0, 0, 0, 0
Dose, 2018,  8, 15, 21, 34,  0,    0.0000000,     0.0000000,      0.00, 0, 0, 0, 0
Dose, 2018,  8, 15, 21, 34, 10,    0.0000000,     0.0000000,      0.00, 0, 0, 0, 0
Dose, 2018,  8, 15, 21, 34, 20,    0.0000000,     0.0000000,      0.00, 0, 0, 0, 0
Dose, 2018,  8, 15, 21, 34, 30,    0.0000000,     0.0000000,      0.00, 0, 0, 0, 0
Dose, 2018,  8, 15, 21, 34, 40,    0.0000000,     0.0000000,      0.00, 0, 0, 0, 0
Dose, 2018,  8, 15, 21, 34, 50,    0.0000000,     0.0000000,      0.00, 0, 0, 0, 0
Dose, 2018,  8, 15, 21, 35,  0,    0.0000000,     0.0000000,      0.00, 0, 0, 0, 0
Dose, 2018,  8, 15, 21, 35, 10,    0.0000000,     0.0000000,      0.00, 0, 0, 0, 0
Dose, 2018,  8, 15, 21, 35, 20,    0.0000000,     0.0000000,      0.00, 0, 0, 0, 0
Dose, 2018,  8, 15, 21, 35, 30,    0.0000000,     0.0000000,      0.00, 0, 0, 0, 0
Dose, 2018,  8, 15, 21, 35, 40,    0.0000000,     0.0000000,      0.00, 0, 0, 0, 0
Dose, 2018,  8, 15, 21, 35, 50,    0.0000000,     0.0000000,      0.00, 0, 0, 0, 0
Dose, 2018,  8, 15, 21, 36,  0,    0.0000000,     0.0000000,      0.00, 0, 0, 0, 0
Dose, 2018,  8, 15, 21, 36, 10,    0.0000000,     0.0000000,      0.00, 0, 0, 0, 0
Dose, 2018,  8, 15, 21, 36, 20,    0.0000000,     0.0000000,      0.00, 0, 0, 0, 0
Dose, 2018,  8, 15, 21, 36, 30,    0.0000000,     0.0000000,      0.00, 0, 0, 0, 0
Dose, 2018,  8, 15, 21, 36, 40,    0.0000000,     0.0000000,      0.00, 0, 0, 0, 0
Dose, 2018,  8, 15, 21, 36, 50,    0.0000000,     0.0000000,      0.00, 0, 0, 0, 0
Dose, 2018,  8, 15, 21, 37,  0,    0.0000000,     0.0000000,      0.00, 0, 0, 0, 0
Dose, 2018,  8, 15, 21, 37, 10,    0.0000000,     0.0000000,      0.00, 0, 0, 0, 0
Dose, 2018,  8, 15, 21, 37, 20,    0.0000000,     0.0000000,      0.00, 0, 0, 0, 0
Dose, 2018,  8, 15, 21, 37, 30,    0.0000000,     0.0000000,      0.00, 0, 0, 0, 0
Dose, 2018,  8, 15, 21, 37, 40,    0.0000000,     0.0000000,      0.00, 0, 0, 0, 0
Dose, 2018,  8, 15, 21, 37, 50,    0.0000000,     0.0000000,      0.00, 0, 0, 0, 0
Dose, 2018,  8, 15, 21, 38,  0,    0.0000000,     0.0000000,      0.00, 0, 0, 0, 0
Dose, 2018,  8, 15, 21, 38, 10,    0.0000000,     0.0000000,      0.00, 0, 0, 0, 0
Dose, 2018,  8, 15, 21, 38, 20,    0.0000000,     0.0000000,      0.00, 0, 0, 0, 0
Dose, 2018,  8, 15, 21, 38, 30,    0.0000000,     0.0000000,      0.00, 0, 0, 0, 0
Dose, 2018,  8, 15, 21, 38, 40,    0.0000000,     0.0000000,      0.00, 0, 0, 0, 0
Dose, 2018,  8, 15, 21, 38, 50,    0.0000000,     0.0000000,      0.00, 0, 0, 0, 0
Dose, 2018,  8, 15, 21, 39,  0,    0.0000000,     0.0000000,      0.00, 0, 0, 0, 0
Dose, 2018,  8, 15, 21, 39, 10,    0.0000000,     0.0000000,      0.00, 0, 0, 0, 0
Dose, 2018,  8, 15, 21, 39, 20,    0.0000000,     0.0000000,      0.00, 0, 0, 0, 0
Dose, 2018,  8, 15, 21, 39, 30,    0.0000000,     0.0000000,      0.00, 0, 0, 0, 0
Dose, 2018,  8, 15, 21, 39, 40,    0.0000000,     0.0000000,      0.00, 0, 0, 0, 0
Dose, 2018,  8, 15, 21, 39, 50,    0.0000000,     0.0000000,      0.00, 0, 0, 0, 0
Dose, 2018,  8, 15, 21, 40,  0,    0.0000000,     0.0000000,      0.00, 0, 0, 0, 0
Dose, 2018,  8, 15, 21, 40, 10,    0.0000000,     0.0000000,      0.00, 0, 0, 0, 0
Dose, 2018,  8, 15, 21, 40, 20,    0.0000000,     0.0000000,      0.00, 0, 0, 0, 0
Dose, 2018,  8, 15, 21, 40, 30,    0.0000000,     0.0000000,      0.00, 0, 0, 0, 0
Dose, 2018,  8, 15, 21, 40, 40,    0.0000000,     0.0000000,      0.00, 0, 0, 0, 0
Dose, 2018,  8, 15, 21, 40, 50,    0.0000000,     0.0000000,      0.00, 0, 0, 0, 0
Dose, 2018,  8, 15, 21, 41,  0,    0.0000000,     0.0000000,      0.00, 0, 0, 0, 0
Dose, 2018,  8, 15, 21, 41, 10,    0.0000000,     0.0000000,      0.00, 0, 0, 0, 0
Dose, 2018,  8, 15, 21, 41, 20,    0.0000000,     0.0000000,      0.00, 0, 0, 0, 0
Dose, 2018,  8, 15, 21, 41, 30,    0.0000000,     0.0000000,      0.00, 0, 0, 0, 0
Dose, 2018,  8, 15, 21, 41, 40,    0.0000000,     0.0000000,      0.00, 0, 0, 0, 0
Dose, 2018,  8, 15, 21, 41, 50,    0.0000000,     0.0000000,      0.00, 0, 0, 0, 0
Dose, 2018,  8, 15, 21, 42,  0,    0.0000000,     0.0000000,      0.00, 0, 0, 0, 0
Dose, 2018,  8, 15, 21, 42, 10,    0.0000000,     0.0000000,      0.00, 0, 0, 0, 0
Dose, 2018,  8, 15, 21, 42, 20,    0.0000000,     0.0000000,      0.00, 0, 0, 0, 0
Dose, 2018,  8, 15, 21, 42, 30,    0.0000000,     0.0000000,      0.00, 0, 0, 0, 0
Dose, 2018,  8, 15, 21, 42, 40,    0.0000000,     0.0000000,      0.00, 0, 0, 0, 0
Dose, 2018,  8, 15, 21, 42, 50,    0.0000000,     0.0000000,      0.00, 0, 0, 0, 0
Dose, 2018,  8, 15, 21, 43,  0,    0.0000000,     0.0000000,      0.00, 0, 0, 0, 0
Dose, 2018,  8, 15, 21, 43, 10,    0.0000000,     0.0000000,      0.00, 0, 0, 0, 0
Dose, 2018,  8, 15, 21, 43, 20,    0.0000000,     0.0000000,      0.00, 0, 0, 0, 0
Dose, 2018,  8, 15, 21, 43, 30,    0.0000000,     0.0000000,      0.00, 0, 0, 0, 0
Dose, 2018,  8, 15, 21, 43, 40,    0.0000000,     0.0000000,      0.00, 0, 0, 0, 0
Dose, 2018,  8, 15, 21, 43, 50,    0.0000000,     0.0000000,      0.00, 0, 0, 0, 0
Dose, 2018,  8, 15, 21, 44,  0,    0.0000000,     0.0000000,      0.00, 0, 0, 0, 0
Dose, 2018,  8, 15, 21, 44, 10,    0.0000000,     0.0000000,      0.00, 0, 0, 0, 0
Dose, 2018,  8, 15, 21, 44, 20,    0.0000000,     0.0000000,      0.00, 0, 0, 0, 0
Dose, 2018,  8, 15, 21, 44, 30,    0.0000000,     0.0000000,      0.00, 0, 0, 0, 0
Dose, 2018,  8, 15, 21, 44, 40,    0.0000000,     0.0000000,      0.00, 0, 0, 0, 0
Dose, 2018,  8, 15, 21, 44, 50,    0.0000000,     0.0000000,      0.00, 0, 0, 0, 0
Dose, 2018,  8, 15, 21, 45,  0,    0.0000000,     0.0000000,      0.00, 0, 0, 0, 0
Dose, 2018,  8, 15, 21, 45, 10,    0.0000000,     0.0000000,      0.00, 0, 0, 0, 0
Dose, 2018,  8, 15, 21, 45, 20,    0.0000000,     0.0000000,      0.00, 0, 0, 0, 0
Dose, 2018,  8, 15, 21, 45, 30,    0.0000000,     0.0000000,      0.00, 0, 0, 0, 0
Dose, 2018,  8, 15, 21, 45, 40,    0.0000000,     0.0000000,      0.00, 0, 0, 0, 0
Dose, 2018,  8, 15, 21, 45, 50,    0.0000000,     0.0000000,      0.00, 0, 0, 0, 0
Dose, 2018,  8, 15, 21, 46,  0,    0.0000000,     0.0000000,      0.00, 0, 0, 0, 0
Dose, 2018,  8, 15, 21, 46, 10,    0.0000000,     0.0000000,      0.00, 0, 0, 0, 0
Dose, 2018,  8, 15, 21, 46, 20,    0.0000000,     0.0000000,      0.00, 0, 0, 0, 0
Dose, 2018,  8, 15, 21, 46, 30,    0.0000000,     0.0000000,      0.00, 0, 0, 0, 0
Dose, 2018,  8, 15, 21, 46, 40,    0.0000000,     0.0000000,      0.00, 0, 0, 0, 0
Dose, 2018,  8, 15, 21, 46, 50,    0.0000000,     0.0000000,      0.00, 0, 0, 0, 0
Dose, 2018,  8, 15, 21, 47,  0,    0.0000000,     0.0000000,      0.00, 0, 0, 0, 0
Dose, 2018,  8, 15, 21, 47, 10,    0.0000000,     0.0000000,      0.00, 0, 0, 0, 0
Dose, 2018,  8, 15, 21, 47, 20,    0.0000000,     0.0000000,      0.00, 0, 0, 0, 0
Dose, 2018,  8, 15, 21, 47, 30,    0.0000000,     0.0000000,      0.00, 0, 0, 0, 0
Dose, 2018,  8, 15, 21, 47, 40,    0.0000000,     0.0000000,      0.00, 0, 0, 0, 0
Dose, 2018,  8, 15, 21, 47, 50,    0.0000000,     0.0000000,      0.00, 0, 0, 0, 0
Dose, 2018,  8, 15, 21, 48,  0,    0.0000000,     0.0000000,      0.00, 0, 0, 0, 0
Dose, 2018,  8, 15, 21, 48, 10,    0.0000000,     0.0000000,      0.00, 0, 0, 0, 0
Dose, 2018,  8, 15, 21, 48, 20,    0.0000000,     0.0000000,      0.00, 0, 0, 0, 0
Dose, 2018,  8, 15, 21, 48, 30,    0.0000000,     0.0000000,      0.00, 0, 0, 0, 0
Dose, 2018,  8, 15, 21, 48, 40,    0.0000000,     0.0000000,      0.00, 0, 0, 0, 0
Dose, 2018,  8, 15, 21, 48, 50,    0.0000000,     0.0000000,      0.00, 0, 0, 0, 0
Dose, 2018,  8, 15, 21, 49,  0,    0.0000000,     0.0000000,      0.00, 0, 0, 0, 0
Dose, 2018,  8, 15, 21, 49, 10,    0.0000000,     0.0000000,      0.00, 0, 0, 0, 0
Dose, 2018,  8, 15, 21, 49, 20,    0.0000000,     0.0000000,      0.00, 0, 0, 0, 0
Dose, 2018,  8, 15, 21, 49, 30,    0.0000000,     0.0000000,      0.00, 0, 0, 0, 0
Dose, 2018,  8, 15, 21, 49, 40,    0.0000000,     0.0000000,      0.00, 0, 0, 0, 0
Dose, 2018,  8, 15, 21, 49, 50,    0.0000000,     0.0000000,      0.00, 0, 0, 0, 0
Dose, 2018,  8, 15, 21, 50,  0,    0.0000000,     0.0000000,      0.00, 0, 0, 0, 0
Dose, 2018,  8, 15, 21, 50, 10,    0.0000000,     0.0000000,      0.00, 0, 0, 0, 0
Dose, 2018,  8, 15, 21, 50, 20,    0.0000000,     0.0000000,      0.00, 0, 0, 0, 0
Dose, 2018,  8, 15, 21, 50, 30,    0.0000000,     0.0000000,      0.00, 0, 0, 0, 0
Dose, 2018,  8, 15, 21, 50, 40,    0.0000000,     0.0000000,      0.00, 0, 0, 0, 0
Dose, 2018,  8, 15, 21, 50, 50,    0.0000000,     0.0000000,      0.00, 0, 0, 0, 0
Dose, 2018,  8, 15, 21, 51,  0,    0.0000000,     0.0000000,      0.00, 0, 0, 0, 0
Dose, 2018,  8, 15, 21, 51, 10,    0.0000000,     0.0000000,      0.00, 0, 0, 0, 0
Dose, 2018,  8, 15, 21, 51, 20,    0.0000000,     0.0000000,      0.00, 0, 0, 0, 0
Dose, 2018,  8, 15, 21, 51, 30,    0.0000000,     0.0000000,      0.00, 0, 0, 0, 0
Dose, 2018,  8, 15, 21, 51, 40,    0.0000000,     0.0000000,      0.00, 0, 0, 0, 0
Dose, 2018,  8, 15, 21, 51, 50,    0.0000000,     0.0000000,      0.00, 0, 0, 0, 0
Dose, 2018,  8, 15, 21, 52,  0,    0.0000000,     0.0000000,      0.00, 0, 0, 0, 0
Dose, 2018,  8, 15, 21, 52, 10,    0.0000000,     0.0000000,      0.00, 0, 0, 0, 0
Dose, 2018,  8, 15, 21, 52, 20,    0.0000000,     0.0000000,      0.00, 0, 0, 0, 0
Dose, 2018,  8, 15, 21, 52, 30,    0.0000000,     0.0000000,      0.00, 0, 0, 0, 0
Dose, 2018,  8, 15, 21, 52, 40,    0.0000000,     0.0000000,      0.00, 0, 0, 0, 0
Dose, 2018,  8, 15, 21, 52, 50,    0.0000000,     0.0000000,      0.00, 0, 0, 0, 0
Dose, 2018,  8, 15, 21, 53,  0,    0.0000000,     0.0000000,      0.00, 0, 0, 0, 0
Dose, 2018,  8, 15, 21, 53, 10,    0.0000000,     0.0000000,      0.00, 0, 0, 0, 0
Dose, 2018,  8, 15, 21, 53, 20,    0.0000000,     0.0000000,      0.00, 0, 0, 0, 0
Dose, 2018,  8, 15, 21, 53, 30,    0.0000000,     0.0000000,      0.00, 0, 0, 0, 0
Dose, 2018,  8, 15, 21, 53, 40,    0.0000000,     0.0000000,      0.00, 0, 0, 0, 0
