TTAA 75101 /////
99982 01850 09007 00055 ///// ///// 92691 06460 23003 85377
00856 26519 70911 08350 27044 50547 17758 27554 40710 30942
26567 30907 47934 26594 25024 58743 26614 20161 63348 25593
15337 63357 26081 10586 63159 25582
88214 65940 25611
77235 26620 42032
31313 40708 81009

TTBB 75108 /////
00982 01850 11982 00446 22981 00443 33977 04859 44953 07661
55952 07661 66728 06735 77721 07338 88696 08556 99682 08175
11651 08591 22649 08794 33552 17367 44542 17765 55517 19374
66514 19769 77513 19769 88512 19158 99510 18357 11508 16958
22486 18958 33366 36132 44224 64942 55214 65940 66202 62944
77191 65150 88185 63750 99164 66556 11155 62356 22149 63357
33121 62359 44116 62359 55108 64559 66101 62959
21212 11982 09007 22870 25010 33868 25510 44788 28034 55763
28042 66639 26034 77556 26034 88524 27545 99506 27555 11456
26053 22437 26055 33343 27080 44235 26620 55201 25595 66175
26571 77161 27080 88147 25582 99108 25071 11107 25071
31313 40708 81009
41414 /////
51515 77114 03346 28036 60101 12196 26541
