TTAA 62102 /////
99979 06658 27015 00032 ///// ///// 92668 03258 27037 85346
02356 29532 70853 13948 27564 50538 25963 25568 40697 33960
24574 30891 49956 24576 25008 59956 24070 20144 68558 24573
88202 69758 24573
66164 25576 405//
31313 40708 81008

TTBB 62108 /////
00979 06658 11718 13134 22694 13950 33678 10383 44674 10394
55651 11177 66474 29361 77469 28963 88460 30161 99456 29549
11436 29559 22429 30160 33413 31960 44300 49956 55289 51961
66258 58757 77252 59756 88220 66158 99201 69758 11196 66359
22188 65560 33164 69765
21212 11979 27015 22977 26025 33949 26033 44941 26536 55873
28528 66850 29532 77673 26568 88667 26567 99585 27064 11436
24572 22258 23570 33164 25576
31313 40708 81008
41414 /////
51515 77072 08145 28547 60030 15773 27065

TTCC 6210/ /////
88999
77999
31313 40708 81008

TTDD 6210/ /////

31313 40708 81008
