PPAA 54128 /////
44385 28023 25542 26538 44340 27559 26587 25600 44320 24620
26584 25604
77205 25124 42347

PPBB 54128 /////
21212 00988 32015 11988 05504 22944 34011 33911 28007 44898
26511 55816 28522 66743 27042 77678 25542 88480 27539 99446
27056 11381 28062 22344 27066 33205 25124 44196 24615 55183
25586 66167 26079 77161 26584

PPCC 54128 /////
44370 26605 26609 26633 44220 26664 27179
77062 27702 439//

PPDD 54128 /////
21212 11972 25603 22837 26112 33485 26609 44419 27118 55353
26629 66326 26619 77282 26647 88168 26679 99147 26668 11090
27182 22069 27163 33062 27702 44055 27192
