TTCC 54121 /////
70775 68772 26605 50972 72369 26609 30260 75965 26633 20484
73968 26664 10868 61975 27179
88693 68973 26105 88325 76968 26619
77062 27702 439//
31313 40708 81130

TTDD 5412/ /////
11851 65974 22632 69773 33584 67772 44477 73569 55353 73967
66325 76968 77256 76566 88222 72574 99174 74765 11161 70571
22133 70578 33112 61977 44095 61977 55085 54578 66071 54583
77067 45985 88055 39987
21212 11972 25603 22837 26112 33485 26609 44419 27118 55353
26629 66326 26619 77282 26647 88168 26679 99147 26668 11090
27182 22069 27163 33062 27702 44055 27192
31313 40708 81130
