TTAA 54121 /////
99988 00550 32015 00106 ///// ///// 92744 02260 31507 85418
01163 28023 70943 08570 25542 50548 24192 26538 40706 36156
27559 30899 51750 26587 25014 61556 25600 20148 69956 24620
15321 66375 26584 10561 67974 25604
88190 71357 25101
77205 25124 42347
31313 40708 81130

TTBB 54128 /////
00988 00550 11986 02856 22949 03860 33771 05964 44719 06573
55647 12581 66624 11996 77500 24192 88467 27958 99376 39348
11262 59157 22235 64950 33211 68341 44190 71357 55185 70960
66179 66763 77174 66368 88163 64370 99155 65979 11130 69569
22118 66972 33101 68574
21212 11988 32015 22988 05504 33944 34011 44911 28007 55898
26511 66816 28522 77743 27042 88678 25542 99480 27539 11446
27056 22381 28062 33344 27066 44205 25124 55196 24615 66183
25586 77167 26079 88161 26584
31313 40708 81130
41414 /////
51515 77147 05763 27033 60121 13996 26035
